AA,P3,P2,P1,P1',P2',P3'
G,-0.5578,-1.1146,-2.0878,-2.4093,-0.4096,-0.2068
P,-1.084,-5.6707,-6.6732,-3.8664,-6.6751,-2.2142
A,-0.5921,0.6122,-0.7373,0.8333,1.1169,0.0532
V,0.8058,0.9819,-2.6832,1.762,1.1349,0.5469
L,0.0131,-1.0428,2.0071,0.551,-0.1942,0.388
I,0.6405,0.5291,-2.2245,1.6686,0.5655,0.659
M,0.8035,0.1045,1.5366,0.7729,-0.2827,0.6322
F,0.409,-1.5562,2.5286,0.8858,-1.5626,-0.6363
Y,0.2219,-0.1758,0.9311,0.8762,-0.7865,-1.4309
W,-0.2894,-2.2915,-0.4874,-3.2954,-4.296,-3.2939
S,-0.5747,0.1405,-2.4281,-0.9858,-0.018,-0.3712
T,0.2428,-0.0922,-1.8498,-0.7347,0.5635,0.4226
C,-0.5651,-0.0017,-0.1701,-1.7569,-0.0896,-1.0485
N,-0.2089,0.818,-1.9503,-0.5727,-0.73,0.4811
Q,-0.1552,0.2738,-1.7446,-1.3148,0.2679,0.0329
D,0.6998,1.0658,-0.937,-0.6748,0.1323,0.522
E,0.4261,0.6734,0.2318,-0.6162,0.325,0.5987
K,-0.0845,-0.7752,-4.5337,-1.8349,0.0631,0.4635
R,-0.777,-1.3367,-3.5096,-4.5103,-3.1898,-4.5101
H,-1.1514,-0.6463,-4.4041,-5.4057,-5.4082,-5.408
