AA,P3,P2,P1,P1',P2',P3'
G,-0.275,-1.0449,-1.2541,-2.6294,-0.0696,0.0909
P,-0.8012,-4.3083,-4.3111,-3.3089,-3.5739,-1.8094
A,-0.8707,0.3301,-0.4627,0.3474,0.7797,0.2995
V,0.7937,1.3393,-3.228,0.8326,1.2524,0.5417
L,0.1118,-0.6681,2.1779,0.2812,-0.1283,0.2766
I,0.938,0.8382,-4.3543,1.5545,0.3168,0.3693
M,0.4318,0.2575,0.8397,1.2898,-0.3966,0.4948
F,-0.1419,-0.6413,2.3962,1.7049,-0.8574,-0.4635
Y,0.1132,0.2117,0.6361,1.0527,-0.9506,-1.8467
W,-0.3391,-0.929,1.3892,-0.3456,-3.5167,-1.5171
S,-0.5313,-0.4841,-2.4875,-0.834,-0.2496,-0.4368
T,0.373,0.4951,-1.9572,-0.4458,0.5126,0.2241
C,-1.2588,0.2668,-1.1155,-0.5296,-0.4397,-0.8566
N,-0.0725,0.6235,-2.4951,-0.3233,-0.7581,0.4099
Q,-0.024,-0.6805,-2.491,-1.7886,0.2359,-0.1721
D,0.4801,0.5658,-0.2724,-0.1579,-0.1589,0.4001
E,0.6811,0.505,-0.5761,0.1247,0.3094,0.605
K,-0.4993,-0.7526,-2.9493,-0.6261,0.3717,0.4883
R,-0.8666,-0.5998,-3.7325,-4.1454,-1.3402,-2.7333
H,-1.8117,-1.4538,-3.0421,-4.6258,-2.307,-1.6312
