AA,P3,P2,P1,P1',P2',P3'
G,-0.5334,-0.5,-0.5653,0.4334,-1.5661,0.0192
P,-1.4747,-0.4414,-1.5068,-1.5092,-1.5096,-1.5091
A,-1.6266,-0.5932,-0.6584,-0.0753,1.5157,-0.0676
V,1.7777,-0.3586,0.1612,-1.4265,1.8944,0.5719
L,0.1895,-1.0989,1.4208,-2.1671,-2.1683,0.1534
I,1.6516,0.1002,-0.965,0.0323,0.0305,0.6141
M,0.0909,0.1243,1.644,1.7675,0.1823,0.1821
F,0.3179,0.3511,1.6075,-0.7178,-0.7191,-0.7197
Y,-0.2277,0.8055,0.7399,-0.263,-0.2649,-0.2664
W,0.9049,0.9378,0.8716,0.8692,0.8695,0.8706
S,-0.2872,-0.8397,-0.9056,0.0913,-0.3228,-1.9071
T,-0.2353,-0.2028,-1.2684,0.3144,-0.2711,-0.2708
C,-0.0147,0.0181,-0.0482,-0.0518,-0.0535,-0.0539
N,-0.6585,1.9598,-0.6908,-0.6936,-0.6938,0.3058
Q,-1.0694,-0.0361,-1.1018,0.8956,-1.1058,-1.1063
D,-1.0601,0.5581,-1.0926,1.7122,-1.0946,-0.0948
E,-0.6464,-0.0281,-1.6787,0.3195,-0.0945,0.9053
K,-1.3332,0.2841,-1.3674,-1.3707,-1.3714,0.2131
R,-0.3106,-1.2773,-0.3432,-1.3457,-0.3463,-0.3455
H,-0.205,0.8281,0.7622,-0.2411,0.7573,0.7566
