AA,P3,P2,P1,P1',P2',P3'
G,0.5568,-0.5763,-2.2027,-2.1833,-2.0966,-1.0512
P,-0.9694,-0.5177,-2.1442,-1.1259,-2.0401,-0.9945
A,-0.5364,-0.2544,-0.2959,0.5304,-0.5998,-0.553
V,0.698,-0.0198,-0.4762,-0.0432,1.5014,-0.3286
L,-0.6272,-0.7601,0.0057,0.6757,-0.6988,-0.332
I,-0.4282,-1.561,-1.6025,-1.5844,-0.5,-0.4563
M,0.5961,-0.5369,1.0066,1.1509,-0.3482,0.6967
F,-0.1769,0.6899,2.3486,0.2505,-0.2496,0.3799
Y,-0.7224,0.1443,2.6875,1.1203,1.2046,1.5701
W,0.4102,1.2766,1.2342,0.2525,0.339,1.3852
S,0.633,0.3065,-0.9581,1.0596,-0.1164,-0.3925
T,0.2699,0.4579,-0.9058,-0.3023,0.7834,1.0512
C,0.4905,1.3569,-0.6856,-0.6685,-0.584,1.4607
N,0.4317,-0.2863,-0.3282,-0.3102,0.7756,-1.1796
Q,0.7577,-1.6973,-0.1542,-0.7211,-0.6363,0.4082
D,0.0301,0.6339,-0.145,-0.1269,-0.0401,0.0048
E,-0.5562,-0.2743,-0.7311,-0.2971,-0.21,-0.5801
K,-0.8279,0.3599,-2.0048,-1.9874,0.0981,-0.2724
R,-0.8053,-0.3536,-0.9807,-0.9624,0.1232,-1.831
H,-0.6998,1.1669,0.7098,0.1422,0.2268,1.2711
