AA,P3,P2,P1,P1',P2',P3'
G,-0.9808,-0.9806,-0.9803,-0.9817,-0.9811,0.0192
P,-0.9221,-0.9221,-0.9219,-0.9242,-0.9247,-0.9241
A,-1.0741,-1.0738,-1.0735,-1.0753,-1.0693,-1.0676
V,-0.8397,-0.8393,-0.8388,0.7434,1.7424,-0.8432
L,-1.5799,-1.5796,1.8802,1.4179,-1.5834,-1.5835
I,-0.3808,0.6195,-0.3801,-0.3828,1.2005,-0.3859
M,0.6434,0.6437,0.644,0.7675,0.7672,0.7671
F,3.1923,-0.1295,-0.1294,-0.1328,-0.1341,-0.1347
Y,1.3249,0.3249,0.3249,0.3219,1.9051,2.9036
W,1.4575,1.4572,1.4566,1.4541,1.4544,1.4556
S,-1.3197,-1.3203,-1.3207,-1.3238,-1.3228,-1.3221
T,-0.6828,-0.6835,-0.6835,-0.6856,-0.6861,-0.6858
C,0.5378,0.5375,0.5368,0.5332,0.5315,0.5311
N,-0.106,-0.1058,-0.1059,-0.1086,-0.1089,-0.1092
Q,-0.5169,-0.5167,-0.5168,-0.5195,-0.5208,-0.5214
D,-0.5076,-0.5074,-0.5076,-0.5102,-0.5096,-0.5098
E,-1.0938,-1.0937,-1.0937,-1.0955,-1.0945,-1.0947
K,-0.7806,-0.7815,-0.7824,0.2142,-0.7864,-0.7869
R,-0.758,-0.758,-0.7583,-0.7607,0.2387,-0.7606
H,0.3475,3.6694,0.3472,0.3439,0.3423,2.6635
