AA,P3,P2,P1,P1',P2',P3'
G,0.3061,-0.1257,-0.7069,-1.3453,-0.7377,-0.6544
P,-0.2482,-2.7551,-3.1265,-1.0738,-1.9292,-1.5273
A,0.451,-0.0995,0.124,0.107,0.4654,-0.2302
V,0.3318,0.2452,-0.6028,0.5432,0.7677,0.0682
L,0.1898,-0.1903,0.9557,0.4216,-0.3399,0.5909
I,0.7292,0.6389,-0.8685,0.9135,0.3389,0.5959
M,0.7324,0.5476,1.36,1.008,-0.2373,0.0935
F,-0.4276,-0.1325,1.9982,0.989,-0.4948,0.1552
Y,-0.0298,0.0224,0.8365,1.2213,0.2225,0.5711
W,-0.541,-0.3759,0.2519,0.0316,-1.5501,-0.5399
S,-0.1087,-0.2789,-1.6888,-1.0459,-0.3049,-0.3176
T,0.5475,0.3359,0.0325,0.0073,0.3538,-0.1894
C,-0.8757,-0.0732,-0.4752,-1.0149,-0.6656,-0.657
N,-0.1976,0.4762,-0.2598,0.0132,0.0961,-0.1047
Q,-0.5612,0.0039,-0.6219,-1.1346,-0.4809,0.0067
D,0.1378,0.3224,0.1243,0.097,0.0405,0.3021
E,0.1365,0.6176,0.5948,-0.3751,0.1104,-0.1129
K,-0.7791,0.0735,-1.4021,0.0141,0.5489,0.6605
R,-2.4346,-0.439,-1.8634,-0.6389,0.6265,-0.4341
H,-2.066,-1.0706,-3.0798,-0.7567,-0.9618,-0.332
