AA,P3,P2,P1,P1',P2',P3'
G,0.6041,0.0194,-0.9803,-0.9817,-0.9811,-0.9319
P,0.0779,-0.9221,-0.9219,-0.9242,-0.9247,0.1248
A,-0.0741,-0.0738,-0.0735,-0.0753,-1.0693,-0.0187
V,0.1603,0.1607,-0.8388,0.7434,0.1575,0.2057
L,0.0051,0.0054,0.7427,0.0029,0.4166,-0.5346
I,-0.3808,-0.3805,-0.3801,-0.3828,-0.3845,-0.337
M,0.6434,0.6437,0.644,0.7675,0.7672,0.816
F,-0.1296,0.8705,1.4555,1.4522,-0.1341,0.9142
Y,0.3249,0.3249,1.3249,1.9069,1.9051,1.3675
W,1.4575,1.4572,1.4566,1.4541,1.4544,1.5045
S,-0.3197,-1.3203,-1.3207,-1.3238,-1.3228,-1.2732
T,-0.6828,0.3165,-0.6835,-0.6856,0.3139,0.3631
C,0.5378,0.5375,0.5368,0.5332,0.5315,0.58
N,-0.106,-0.1058,-0.1059,-0.1086,-0.1089,-0.0603
Q,-0.5169,-0.5167,-0.5168,-0.5195,-0.5208,-0.4725
D,-0.5076,-0.5074,0.4924,-0.5102,1.0753,-0.4609
E,-0.0938,-0.0937,-0.0937,-1.0955,-0.0945,-0.0458
K,-0.7806,0.2185,-0.7824,0.2142,-0.7864,0.262
R,0.242,-0.758,-0.7583,-0.7607,-0.7613,-0.7117
H,0.3475,1.3474,0.3472,0.3439,0.3423,0.3904
