AA,P3,P2,P1,P1',P2',P3'
G,-0.7744,-0.7742,0.1986,0.5192,-0.2172,-0.0739
P,-0.7157,-0.7156,-0.7429,-0.7453,-0.1607,-1.6022
A,0.4543,0.4546,-0.8945,0.911,0.1097,-0.1607
V,0.9517,0.6891,-1.6598,-0.6626,-0.0786,0.4788
L,0.2115,0.4342,0.5997,-0.8182,0.1806,-0.6767
I,-0.1744,-1.174,-1.2011,-1.2038,-1.2055,-0.064
M,-0.1501,0.8501,0.823,-0.0535,-0.0538,0.089
F,-0.9231,0.6619,0.6345,1.3681,0.0448,1.5092
Y,-0.4687,-0.4686,1.5039,1.0858,1.4991,1.9625
W,0.6639,0.6636,0.6355,0.6331,0.6334,0.7775
S,-1.1132,-0.5289,-1.1417,-1.1448,-2.1438,-1.0002
T,-1.4763,-1.477,-1.5045,-1.5067,-1.5071,-1.3639
C,-0.2557,-0.2561,-0.2842,-0.2879,-0.2895,-0.147
N,0.1005,0.1007,-0.9269,-0.9296,-0.9299,-0.7873
Q,-1.3104,-0.3103,-0.3378,-0.3405,-0.3419,-1.1994
D,-0.3011,-1.301,-0.3286,-0.3313,-0.3306,-0.1879
E,0.6976,-1.8872,-0.3298,-1.9165,0.4064,0.2272
K,0.0108,0.0099,0.3966,0.7151,0.9775,0.535
R,0.0334,0.7704,0.7426,0.4182,0.7396,-0.4387
H,1.554,1.5539,1.5262,1.5228,-0.4788,0.6635
