AA,P3,P2,P1,P1',P2',P3'
G,0.0192,-1.3957,1.5432,-1.3724,-0.1738,-1.3959
P,-2.9221,-2.9221,-2.9219,-1.315,-2.9247,-1.9241
A,-0.7521,0.8331,0.627,0.1188,1.5157,0.1023
V,0.4823,1.8046,-2.8388,1.5046,2.1116,0.8573
L,0.5076,-2.5796,0.1212,0.8345,-2.5834,0.6644
I,1.2041,1.7895,-2.3801,1.4489,0.9374,1.199
M,1.2284,-1.3563,0.644,1.1137,-1.2328,-1.2329
F,1.3298,-2.1295,2.3941,1.2134,-0.5492,0.1872
Y,0.6468,-1.6751,2.6468,0.3462,-1.6799,-1.6814
W,1.0425,-0.5428,1.7785,2.4784,-0.5456,1.0406
S,-0.9977,-1.7353,-3.3207,-3.2995,-1.0009,-0.0002
T,-0.6828,-0.6835,-2.6835,-0.3395,0.6358,0.3142
C,0.8598,-1.4625,-1.4632,-1.4426,0.1165,-0.4689
N,0.7014,0.2162,-1.1059,-2.0844,0.213,-1.1092
Q,0.0681,-1.5167,-2.5168,-2.4952,-2.5208,0.0636
D,-0.9226,1.0775,0.0774,-0.901,-0.1877,-0.5098
E,-0.2865,1.3657,-3.0937,-0.4863,-0.2871,0.8122
K,-2.7806,-2.7815,-2.7824,-2.7615,-2.7864,-2.7869
R,-1.758,-2.758,-2.7583,-2.7365,-2.7613,-1.7606
H,-0.6525,-1.6526,-1.6528,-1.6319,-1.6577,-0.6585
