AA,P3,P2,P1,P1',P2',P3'
G,0.7561,-1.2437,0.3416,-1.2447,-1.2441,-0.2439
P,-1.1851,-1.1851,-1.1849,-1.1873,-1.1877,-1.1872
A,0.2479,0.2481,0.9854,0.2466,0.9896,-1.3306
V,1.2192,0.8977,0.4831,1.7027,-0.1056,0.8938
L,0.1571,0.1574,0.4797,0.1549,0.7386,0.7384
I,0.3561,0.3565,0.3569,0.3542,1.3525,0.936
M,0.3804,0.3806,0.381,0.5045,0.5042,0.504
F,0.6074,1.6074,-0.3925,-0.3958,-0.3972,0.6023
Y,0.0618,0.0619,0.0619,0.0589,1.0571,1.0556
W,1.1945,1.1941,1.1935,1.1911,1.1914,1.1926
S,-1.5827,-1.5833,-1.5837,-1.5868,-1.5858,-1.5851
T,0.6391,0.0535,0.6385,0.6363,0.0508,0.0512
C,0.2748,1.8594,0.2737,0.2701,0.2685,0.268
N,-0.369,-0.3688,-0.3689,-0.3716,-0.3719,-0.3723
Q,-0.7799,-0.7797,-0.7798,-0.7825,-0.7839,0.2156
D,-0.7706,-0.7705,-0.7706,-0.7733,-0.7727,-0.7729
E,-1.3569,-1.3567,-1.3567,-0.3585,-1.3575,-1.3577
K,-1.0437,-0.0445,-1.0454,-1.0488,-1.0494,-1.05
R,-1.0211,-1.021,-0.0213,-0.0238,-0.0244,-0.0236
H,0.0845,0.0844,0.0842,0.0808,0.0792,0.0785
