AA,P3,P2,P1,P1',P2',P3'
G,-1.2032,-1.203,-1.2027,-1.204,-1.2035,0.4236
P,-1.1445,-1.1445,-1.1442,-1.1466,-1.1471,-1.1047
A,-0.2964,0.7038,-0.2959,-0.2977,-1.2917,-1.2482
V,-1.0621,-0.0617,-1.0612,-1.064,2.257,-0.0237
L,-0.8023,1.6575,-0.8016,0.1955,0.1942,-1.7641
I,-0.6032,-0.6029,-0.6025,-0.6051,0.3931,-0.5665
M,0.421,0.4213,0.4216,0.5452,2.1298,0.5865
F,3.1074,-0.3519,-0.3518,-0.3552,-0.3565,-0.3153
Y,0.1025,0.1025,3.4244,1.0995,0.0977,1.138
W,1.2351,1.2348,1.2342,1.2318,1.232,1.275
S,-1.5421,-1.5427,-1.5431,0.0388,-1.5452,1.6673
T,-0.9052,-0.9059,-0.9058,-0.908,-0.9085,-0.8664
C,0.3155,0.3151,0.3144,0.3108,0.3091,0.3505
N,-0.3283,-0.3282,1.2567,-0.331,-0.3313,-0.2898
Q,-0.7393,-0.7391,-0.7392,2.4281,-0.7432,-0.7019
D,0.27,-0.7298,-0.73,-0.7326,-0.732,-0.6904
E,-0.3162,-0.3161,0.2689,-1.3179,-1.3169,-0.2753
K,-0.003,-1.0039,-1.0048,-1.0082,-1.0088,0.0325
R,-0.9804,-0.9804,-0.9807,-0.9831,-0.9837,-0.9412
H,0.1251,0.125,0.1248,0.1215,0.1199,0.161
