AA,P3,P2,P1,P1',P2',P3'
G,0.6493,-4.0234,0.7364,0.456,-0.0471,0.0898
P,-0.4181,1.0551,-6.1358,-4.5455,-0.4437,-0.4018
A,0.1304,-0.7946,0.4873,0.3767,0.1345,-0.2179
V,-0.0361,1.196,-1.5292,-0.153,0.1318,0.5287
L,-0.8815,1.7964,-1.3175,-0.7771,-2.1742,-1.0077
I,-0.0537,1.8744,-1.7867,0.2312,-0.0051,0.442
M,-0.0935,0.6208,0.4073,0.2338,-1.4383,-0.2686
F,0.3179,1.0241,-1.6996,0.2156,-0.3624,0.4926
Y,0.237,-1.1329,-0.7192,-0.0514,0.324,0.9204
W,-0.1539,-2.7555,-0.5095,-0.2285,0.4188,0.572
S,-0.3461,-2.8892,-0.1084,-0.2916,-0.0771,-0.8838
T,-0.1513,-1.4367,0.7464,-0.1237,0.1527,-0.7214
C,-0.2662,-2.0902,-0.1537,-1.3511,-1.3521,-1.1509
N,0.1406,-4.7335,-0.3198,0.1281,0.48,0.193
Q,0.1196,-1.9221,0.6355,-0.3333,-0.1872,-0.5976
D,-0.3464,-6.7201,-1.5121,0.5965,1.0195,1.233
E,0.0227,-4.499,0.3858,0.6813,0.8137,0.5701
K,0.9056,-4.6722,1.321,0.5703,0.0415,-0.3926
R,-0.1342,-4.3857,0.8286,0.0884,-0.1855,-0.2112
H,-0.4913,-3.2803,-1.3432,-0.6924,0.0194,-0.4046
