AA,P3,P2,P1,P1',P2',P3'
G,0.6418,-1.5815,2.0491,1.2631,0.8167,2.692
P,0.7006,-1.0824,-3.3681,-2.2794,-1.0863,-0.1552
A,0.4273,1.2728,0.9397,0.5695,1.0086,0.4382
V,0.1142,1.2282,-2.7001,0.5037,1.1479,-0.2118
L,0.7033,-0.0571,-0.5992,0.4377,-0.1075,-1.4667
I,0.3751,0.5688,-3.8263,0.3495,0.8386,-1.202
M,0.2188,0.2354,0.8416,0.1128,-0.7569,-3.5084
F,0.8964,1.4395,-0.7683,1.5995,-0.2177,-0.1623
Y,0.6372,0.7746,-1.1214,0.4903,-0.6895,-0.787
W,0.2959,0.2188,-1.4047,-0.0937,0.2929,-0.2349
S,-0.6068,0.0788,-0.6376,0.2037,0.2037,-0.5101
T,-0.5549,-0.2844,0.3621,-0.1829,0.6262,-0.7914
C,-0.9863,-1.0634,0.178,-1.2371,-2.215,-1.1595
N,-0.4375,-1.1921,-0.3042,-0.0715,0.0832,-0.4779
Q,-0.4561,-1.0181,0.8443,-1.7047,-0.3288,-1.0964
D,-2.5172,-1.2153,-0.9539,-1.8654,-1.5192,-0.978
E,-1.033,-2.332,-0.682,-2.8657,-1.7256,-1.2827
K,-1.6527,-2.3824,-2.0587,-3.141,-1.948,-2.2551
R,-1.3891,-0.5813,0.1878,-2.1159,-3.0929,-2.4511
H,-0.2835,0.1871,-0.1922,-0.1044,-0.6673,0.314
