AA,P3,P2,P1,P1',P2',P3'
G,-0.1894,0.1449,0.4241,-0.444,-0.3472,-0.2439
P,-0.1307,0.5254,-0.1024,-0.9715,1.4462,-0.1872
A,-0.8676,-0.9482,-0.254,-0.1226,-2.0204,-0.9156
V,0.3668,1.0936,-0.0194,-0.3039,-0.2087,0.6308
L,-0.3735,-0.454,-0.4379,-1.0445,-0.9495,-1.4315
I,-0.1744,0.33,0.4394,1.1549,0.2494,0.7661
M,0.8499,0.7692,1.0484,0.7202,1.4011,1.504
F,1.3988,0.996,0.69,0.4049,-0.0852,1.0173
Y,-0.4687,-0.5495,0.1443,0.2746,-0.631,-0.5294
W,1.6639,0.5827,0.276,1.4068,0.5033,0.6076
S,-2.1132,-0.1948,0.3061,0.7989,-0.2739,0.4149
T,-0.4763,0.027,-0.864,0.589,0.9478,-0.5338
C,1.3293,-0.337,-0.6438,-0.5141,-0.4196,-0.3169
N,0.6855,-0.9802,-0.2864,0.4291,0.525,0.0428
Q,0.6896,0.6088,-0.6974,-0.5668,-0.4719,0.6306
D,-1.3011,-1.3819,-1.6882,-0.5575,-0.4607,-0.3578
E,0.4346,0.0318,-1.2743,-1.1428,0.2763,-0.9427
K,0.0108,-0.6559,0.3589,0.1669,-0.7375,-0.05
R,-1.5516,-1.6324,0.8685,-0.2231,-0.7124,-0.6086
H,-0.446,-0.527,0.1666,-0.7034,-0.6088,0.4935
