AA,P3,P2,P1,P1',P2',P3'
G,-0.7744,-0.7742,-1.2829,0.1703,-0.7747,-0.7744
P,-0.7157,-0.7156,-1.2244,-0.7722,-0.7182,-0.7177
A,-0.8676,-0.8673,-0.376,-0.9233,0.7221,0.1388
V,1.3668,0.9521,-0.1413,-0.6896,-0.6361,-0.6367
L,0.2115,-0.3731,0.1182,-1.4301,-1.3769,0.6229
I,-0.1744,-0.174,-0.6826,-0.2307,-0.178,-0.1795
M,0.8499,0.8501,1.3415,0.9195,0.9737,0.9735
F,0.0769,0.0769,1.153,2.0192,1.0723,0.0718
Y,0.5313,0.5314,0.0223,0.4739,0.5265,0.5251
W,1.6639,1.6636,1.154,1.6062,1.6609,1.6621
S,-1.1132,-1.1139,-1.6232,-1.1718,-1.1164,-1.1156
T,-0.4763,-0.477,-0.986,-0.5336,-0.4797,-0.4794
C,0.7443,0.7439,0.2342,0.6852,0.738,0.7375
N,0.1005,0.1007,0.5916,0.0434,0.0976,0.0972
Q,-0.3104,-0.3103,-0.8194,1.6325,-0.3144,-0.3149
D,-0.3011,-0.301,-0.8102,-0.3582,-0.3032,-0.3034
E,-0.8874,-0.8872,-0.3963,-0.9435,-0.8881,0.6967
K,0.4258,-0.575,-1.085,-0.6338,1.42,-0.5805
R,-0.5516,-0.5515,0.9392,-0.6087,-0.5549,-0.5541
H,0.554,2.5539,2.3666,0.4959,0.5487,0.548
