AA,P3,P2,P1,P1',P2',P3'
G,0.1535,0.5203,0.1986,-0.1622,-0.1617,1.2536
P,-1.3728,-1.7431,-1.7429,-1.6898,-0.6902,-1.6897
A,0.7972,-0.3098,-1.8945,-0.8409,-1.8348,-0.2482
V,-1.2903,-1.6603,-1.6598,-1.6071,-0.6081,-1.6087
L,-0.4456,-0.8156,-0.8153,-0.7627,-0.3489,-0.0272
I,-0.8315,-1.2015,-1.2011,2.0216,1.6573,-1.1514
M,0.1928,-0.1774,-0.177,1.002,0.0017,0.0015
F,1.0047,0.0494,1.0495,-0.8983,1.1003,0.0998
Y,0.8742,1.0889,0.5039,0.5564,1.1395,1.138
W,1.0068,0.6361,1.6355,0.6886,0.6889,0.6901
S,0.8146,-0.1413,0.8583,-0.5043,0.2336,-0.0876
T,-1.1334,0.8174,-1.5045,0.8708,-1.4517,0.8706
C,1.0872,-0.2835,-0.2842,-0.2324,-0.234,-0.2345
N,-0.5566,0.0732,-0.9269,-0.8741,-0.8744,-0.8748
Q,-0.9675,0.2472,-0.3378,0.3,0.2986,-0.2869
D,-0.9582,1.2565,-1.3286,1.0462,-0.2752,0.7246
E,-1.5445,0.6703,1.2552,-0.861,-0.86,-0.8602
K,-0.2313,-1.6025,-0.0185,-0.5513,-0.5519,-0.5525
R,0.7913,-1.579,1.0057,0.0587,0.7951,0.0588
H,-0.1031,1.1114,-0.4738,-0.4217,-0.4233,-0.424
