AA,P3,P2,P1,P1',P2',P3'
G,0.3783,-4.2783,1.0054,0.8985,0.2883,0.5501
P,-0.4041,-1.2197,-5.2215,-4.5399,0.8967,0.9051
A,0.1129,-1.5436,0.3977,0.8168,0.3564,0.3848
V,-0.1926,1.8765,-1.8754,-0.328,-0.3897,-0.0306
L,0.2663,1.496,-1.1896,-1.2671,-1.2424,-0.8574
I,0.3933,1.5274,-1.6797,0.1205,0.152,0.1703
M,0.5344,-0.1686,0.3444,0.1291,-1.0386,-0.0393
F,-0.0163,1.8693,-0.5612,-1.0761,-1.0469,-0.5005
Y,-0.4431,1.6301,-0.7731,-1.4864,-0.7386,-0.7716
W,-0.2854,0.9668,-0.5212,-2.3542,-1.1588,-0.8362
S,-0.2201,-3.4805,-0.0234,0.4826,-0.0534,-0.4044
T,0.0292,-2.3031,0.6375,0.1905,0.1845,-0.613
C,-0.7055,-1.6898,-0.7272,-1.3821,-0.8338,-1.1285
N,0.3484,-4.4034,0.0539,0.405,0.0058,0.396
Q,-0.1636,-2.9664,0.8503,-0.5806,0.2668,-0.0371
D,-1.0,-3.4266,-0.6214,0.2139,0.5914,0.5131
E,-0.7878,-5.1283,0.1302,0.1836,0.559,0.1803
K,0.727,-2.9416,1.0181,0.1835,-0.3336,-0.3672
R,-0.2821,-2.5702,0.3684,0.0993,-0.9995,-0.7744
H,0.2385,-2.2722,-0.0845,0.4561,0.1553,0.4283
