AA,P3,P2,P1,P1',P2',P3'
G,0.2204,-6.7828,0.5838,0.5514,0.079,0.3088
P,-0.3285,-1.4023,-5.724,-3.9148,1.039,0.8629
A,0.2461,-1.6665,0.2224,0.7117,-0.047,0.1898
V,-0.1148,1.8544,-2.1174,-0.1003,-0.1975,-0.4711
L,-0.3018,1.6681,-1.1335,-1.1512,-1.427,-0.8423
I,0.3282,1.6565,-1.5973,0.1944,0.2771,0.1738
M,0.5171,-0.0711,0.7487,-0.1234,-0.3868,0.0985
F,0.0024,1.3721,0.2582,-1.1758,-1.5397,-0.0499
Y,-0.1519,1.3171,0.0773,-1.476,-1.5709,-0.2698
W,0.0511,0.9029,0.3548,-2.3437,-0.5361,-0.0203
S,-0.324,-4.1225,-0.3027,-0.0448,-0.238,-0.9302
T,0.0103,-1.4857,0.5256,0.0556,0.0552,-0.6763
C,-0.354,-0.6797,-0.8731,-1.8053,-2.0964,-1.3599
N,0.2451,-3.586,-0.0012,0.3973,0.1593,0.2827
Q,-0.2712,-1.7953,0.3392,-0.6449,-0.2743,-0.19
D,-0.2189,-3.9877,-0.2223,0.4993,0.7693,0.8008
E,0.1735,-3.8959,0.3615,0.2564,0.4563,0.5168
K,0.5905,-2.8832,1.2419,0.9633,0.2984,-0.1091
R,-0.2169,-3.2382,0.5791,0.4526,0.0701,-0.2009
H,-0.4068,-2.6474,-0.6476,-0.0617,-0.0293,0.0031
