AA,P3,P2,P1,P1',P2',P3'
G,0.3653,-0.9806,0.0397,-0.0089,0.3849,-0.6482
P,0.6167,-1.029,-2.4379,-0.8519,0.4809,1.3654
A,0.4282,-0.4888,-0.1041,1.1775,0.6186,0.1775
V,0.3314,0.6753,-1.2173,0.0243,-0.0026,-0.0745
L,-0.363,1.2855,-1.4172,-0.0948,-0.8023,-0.879
I,-0.579,-0.1004,-2.218,-1.2173,0.2039,-0.4404
M,-0.3323,0.0062,0.6134,-0.2597,-0.2293,0.1821
F,-0.9127,-0.615,0.9395,-0.6455,-0.7681,-1.0822
Y,-0.8733,-0.1605,1.0105,-1.9277,-1.8989,-0.6289
W,0.9963,-0.7652,0.7885,-0.7955,-0.7645,0.7007
S,-0.1028,0.3642,0.3333,0.7959,0.3651,-0.3221
T,-0.218,0.5966,0.6485,0.3378,-0.0306,0.0829
C,-3.2453,-1.6849,-1.7162,-3.3014,-3.2724,-1.6388
N,-0.5671,-0.0062,0.1437,-0.6212,-0.0059,0.3058
Q,0.1594,0.2609,0.2891,0.0383,0.5821,-0.1063
D,-1.4833,-0.6144,-1.0236,-2.0229,-1.3135,-1.6797
E,0.0773,-1.0937,-0.4081,-1.2296,0.3495,-2.0422
K,0.7582,-0.5888,0.9342,0.4241,0.1646,0.8505
R,-0.0176,-0.8649,0.6892,0.7266,-0.4778,1.0992
H,-0.4356,-1.4599,0.4161,-0.9057,-0.8767,-0.4133
