AA,P3,P2,P1,P1',P2',P3'
G,-0.3594,-1.3592,0.2261,0.9618,-1.3596,-1.3593
P,-1.3006,-0.3006,-0.3004,-1.3027,0.6968,1.0193
A,-1.4526,-0.4523,-0.452,0.1311,-0.4478,-0.4461
V,-0.2182,0.7822,-1.2173,-0.2201,-0.2211,-0.2217
L,0.3635,0.6269,-0.9577,-1.9606,-0.3769,-0.3771
I,0.2406,-0.759,-0.7586,0.2387,-0.763,0.8205
M,1.8499,0.2652,0.2655,0.389,0.3887,0.3886
F,0.4919,-0.508,0.4921,-0.5113,-0.5126,-0.5132
Y,-0.0536,-0.0536,1.5313,-0.0566,0.9416,-0.0599
W,1.079,1.0787,1.078,1.0756,1.0759,1.0771
S,-0.1132,0.3012,-0.6992,-0.1173,-0.7013,-0.7006
T,-0.0613,0.523,-1.062,0.9358,1.2573,-1.0643
C,0.1593,0.159,1.1583,0.1547,1.153,0.1526
N,-0.4845,-0.4843,0.5156,-0.4871,-0.4874,0.5122
Q,-0.8954,0.6897,0.1047,0.102,-0.8993,-0.8999
D,0.1139,0.114,0.1139,-0.8887,0.1119,-0.8883
E,0.1126,-1.4722,-0.4722,-0.474,-0.473,0.8487
K,-0.1592,-0.16,0.8391,0.8357,0.42,-1.1655
R,-0.1365,-1.1365,-0.1368,-0.1392,-0.1398,0.8609
H,0.969,-0.0311,0.9687,-0.0346,-0.0362,-0.037
