AA,P3,P2,P1,P1',P2',P3'
G,0.242,-1.2832,0.3158,-0.0306,0.1693,-0.8388
P,0.7051,-1.3502,-1.8351,-0.5832,0.5736,1.6773
A,0.1057,-1.2609,0.0576,1.0839,0.429,0.3223
V,0.2499,0.8879,-1.1671,-0.1635,-0.3442,0.1568
L,-0.2351,1.4871,-0.8487,-0.5348,-0.3075,-0.918
I,-0.9235,0.4324,-1.9714,-1.4823,-0.1086,-0.922
M,-0.0512,-0.6589,0.7307,-0.1393,-0.5418,-0.0909
F,-0.5348,-1.4321,0.4808,-1.0397,-1.2208,-0.6707
Y,-0.5397,-0.2407,0.5815,-1.263,-0.5739,-0.3694
W,0.1779,-2.4304,0.3506,-1.4527,-2.4396,-0.4024
S,-0.2301,-0.1634,0.2579,1.0173,0.6412,-0.4252
T,-0.2995,0.8213,0.6127,0.4075,0.0048,-0.7364
C,-3.3268,-1.7651,-2.3765,-3.3737,-3.3625,-3.3269
N,0.2774,0.0067,-0.1122,-0.5561,-0.3025,0.2027
Q,0.2624,0.5027,0.3248,0.0331,0.1087,-0.9199
D,-0.2023,-1.395,-1.099,-1.4171,-0.7032,-1.3678
E,0.0416,-0.8113,-0.7591,-0.4174,0.3334,-0.8652
K,0.2617,-0.669,0.9482,0.2142,0.0745,0.7813
R,0.1847,-0.6455,0.9134,0.7587,-0.0115,1.1363
H,-0.1951,-1.5401,0.3408,-1.9781,-0.5517,-0.7091
