AA,P3,P2,P1,P1',P2',P3'
G,-1.5975,3.0194,3.1579,-1.029,-0.6592,-0.6589
P,-1.5388,-1.507,-1.5385,-0.9715,-0.6027,-0.6022
A,-1.6907,-0.6587,-1.6901,-1.1226,-0.7474,-0.7457
V,-1.4563,-0.4242,-1.4555,-0.8889,-0.5206,-0.5212
L,-2.1966,-2.1645,-2.1959,-1.6294,-1.2614,-1.2616
I,-0.9975,-0.9654,-0.9967,1.1549,1.5224,1.521
M,0.0268,0.0587,0.0274,2.3052,1.0892,1.089
F,-0.7463,-0.7145,-0.7461,-0.1801,0.1878,0.1872
Y,0.7082,-0.26,-0.2918,0.2746,0.642,0.6405
W,1.8408,0.8722,0.8399,1.4068,1.7764,1.7775
S,-1.9363,-1.9053,-1.9373,-1.3711,-1.0009,-1.0002
T,-1.2995,-1.2684,-1.3001,-0.7329,-0.3642,-0.3639
C,-0.0788,-0.0475,-0.0799,0.4859,0.8534,0.853
N,-0.7226,-0.6907,-0.7225,-0.1559,0.213,0.2127
Q,-1.1336,-1.1017,-1.1335,-0.5668,1.3861,-0.1994
D,-1.1243,-1.0924,-1.1243,0.4425,-0.1877,-0.1879
E,-1.7105,-1.6786,-1.7104,-1.1428,-0.7726,0.8122
K,-0.3973,-1.3664,-1.3991,1.7519,-0.4645,-0.465
R,3.2103,-1.3429,-1.3749,-0.808,-0.4394,-0.4387
H,-0.2691,-0.2375,-0.2695,1.2966,0.6642,0.6635
