AA,P3,P2,P1,P1',P2',P3'
G,0.2256,0.2258,0.2261,1.4472,0.2253,-0.3593
P,-1.3006,-0.3006,-1.3004,-1.3027,-1.3032,-0.3026
A,0.1324,-1.4523,-1.452,1.3535,2.3596,0.1388
V,-0.2182,-1.2178,-1.2173,-1.2201,-1.2211,-1.2217
L,-0.3735,-0.9581,-1.9577,-1.9606,-1.9619,-0.9621
I,0.2406,-0.759,0.2414,-0.7613,-0.763,-0.7644
M,0.2649,1.2652,0.2655,0.389,0.3887,0.3886
F,-0.5081,1.0769,-0.5079,-0.5113,0.4874,-0.5132
Y,1.5313,-0.0536,-0.0536,-0.0566,-0.0584,-0.0599
W,1.079,1.0787,1.078,1.0756,2.0759,1.0771
S,-1.6982,-0.6988,1.6228,-0.1173,-1.7013,0.6213
T,0.9387,0.938,-1.062,0.9358,0.5203,2.1056
C,0.1593,1.159,0.1583,0.1547,0.153,0.1526
N,-0.4845,-0.4843,2.1006,-0.4871,-0.4874,-0.4878
Q,-0.8954,-0.8952,-0.8953,0.102,-0.8993,-0.8999
D,0.1139,-0.886,0.1139,-0.8887,-0.8881,-0.8883
E,-0.4723,0.5278,-1.4722,-1.474,-1.473,-1.4732
K,1.1628,0.84,-1.1609,-0.1643,-1.1649,-0.1655
R,-1.1365,-1.1365,-0.1368,-1.1392,-1.1398,-1.1391
H,-0.031,0.9689,-0.0313,-0.0346,-0.0362,0.963
