AA,P3,P2,P1,P1',P2',P3'
G,-1.4525,-0.9738,-2.7808,2.216,-0.3013,0.5685
P,-2.1307,0.9779,-2.1374,-3.7038,0.8193,0.8268
A,-0.8676,0.7107,-2.8739,0.467,0.321,0.4817
V,1.0672,0.9452,-2.0543,0.0792,1.1852,0.3842
L,0.4845,-0.6796,-2.7947,-1.3617,-0.2755,-0.7712
I,-0.367,-0.011,-3.1805,-2.1624,0.1578,0.0114
M,1.1718,-0.1568,-2.1564,0.9879,-0.4274,0.3164
F,-0.9231,-1.93,-2.9299,-0.9124,1.6098,-0.5854
Y,-0.4687,-0.4755,-2.4756,-0.1358,0.5405,-1.454
W,-1.3361,-1.3433,-1.3439,-1.3255,-1.3252,-0.317
S,-0.4128,0.7372,-2.5362,1.3885,-1.5175,0.4903
T,-1.1544,0.764,-1.899,-1.1433,-0.0063,-0.2885
C,-0.2557,0.9069,-0.2637,-0.2464,-0.2481,-0.2415
N,-0.8995,-0.9062,-1.9063,-0.0809,-1.8885,0.1182
Q,0.39,-0.9952,-1.3173,-2.2991,0.2845,-0.294
D,0.7863,-1.3079,4.0228,-1.7049,-0.7043,0.5249
E,1.4346,-0.8942,-1.3092,-1.0677,-0.5522,-0.4079
K,-2.5742,-1.26,-3.5829,-1.9804,-0.9811,-0.3896
R,-0.5516,-1.2365,-1.5587,-2.5403,-1.956,-1.9482
H,-0.1241,0.3543,-0.8683,-0.8508,-0.4373,-2.4311
