AA,P3,P2,P1,P1',P2',P3'
G,-0.9808,-0.9806,-0.9803,0.6522,0.6528,0.0681
P,-0.9221,-0.9221,-0.9219,-0.8753,-0.8758,-0.8752
A,-0.0741,-0.0738,-1.0735,0.5585,-1.0204,-0.0187
V,-0.8397,1.1607,-0.8388,0.2073,-0.7936,0.2057
L,-1.5799,-0.5796,-1.5792,-1.5332,-0.5345,-0.5346
I,-0.3808,-0.3805,-0.3801,-0.3338,-0.3356,-0.337
M,0.6434,0.6437,0.644,0.8165,0.8162,0.816
F,-0.1296,-0.1295,-0.1294,-0.0839,-0.0852,-0.0858
Y,0.3249,0.3249,0.3249,0.3708,0.369,0.3675
W,1.4575,1.4572,1.4566,1.5031,1.5033,1.5045
S,0.2653,-1.3203,-1.3207,0.7251,-0.2739,-0.2732
T,-0.6828,1.3165,-0.6835,-0.6367,-0.6372,0.3631
C,0.5378,0.5375,0.5368,0.5821,1.5804,1.58
N,-0.106,-0.1058,-0.1059,-0.0597,-0.06,0.9397
Q,1.0681,-0.5167,-0.5168,-0.4705,-0.4719,-0.4725
D,0.4924,-0.5074,2.9518,-0.4613,0.5393,0.5391
E,1.2281,-0.0937,-1.0937,-1.0466,-1.0456,-1.0458
K,-0.7806,-0.7815,-0.7824,-0.7369,1.2625,-0.738
R,-0.758,-0.758,-0.7583,0.2882,-0.7124,-0.7117
H,0.3475,1.3474,0.3472,0.3928,0.3912,0.3904
