AA,P3,P2,P1,P1',P2',P3'
G,-1.1938,-1.4546,-6.4474,2.4135,-0.1433,0.3236
P,-3.0944,-0.575,-6.3889,-2.6898,-2.8057,0.7413
A,-0.3288,-0.4773,-6.5405,1.0734,0.9077,0.2759
V,-0.1158,1.3035,-6.3058,-1.1783,1.5802,0.278
L,-1.3675,0.2875,-7.0463,-2.4042,0.2544,-0.4928
I,-1.2636,0.5425,-5.8471,-2.8487,0.3784,-0.2647
M,-0.6113,0.8776,-4.823,-0.1135,0.3013,-0.2373
F,-1.2239,-0.466,-5.5965,-0.3509,0.7218,-0.7405
Y,-1.1105,0.3364,-5.1422,-0.5591,0.5546,-0.8973
W,-3.8847,-0.3387,-4.0105,-1.0118,-0.5521,-0.8383
S,-0.2525,-0.3613,-6.7877,1.6407,0.1301,0.4902
T,-0.5014,1.0956,-6.1505,-1.7593,-0.2214,0.1902
C,-0.2808,-0.2584,-4.9303,-1.1255,-0.847,-0.4092
N,-0.6933,0.037,-5.5729,-1.7672,-1.1825,0.3577
Q,0.7108,-0.8531,-5.9839,-2.8155,-0.9424,-0.3127
D,1.3694,-0.0809,4.3785,-1.2213,-0.6902,0.4014
E,2.4281,0.613,-6.5608,-1.7541,-0.4312,0.2097
K,-4.1229,-2.7029,-6.2495,-2.4444,-1.6674,-0.7913
R,-4.1003,-3.3314,-6.2253,-3.2267,-2.3204,-1.7649
H,-0.8248,-1.0334,-5.1199,-1.8002,-1.2168,-1.0348
