AA,P3,P2,P1,P1',P2',P3'
G,-0.3735,-0.6232,-4.3496,2.8826,0.2393,0.5126
P,-1.0152,0.6578,-4.2911,-4.2888,-2.2892,0.8812
A,0.1548,0.3991,-4.4427,1.0519,0.8515,-0.0399
V,0.2371,1.1426,-4.208,-1.6212,1.5478,0.1142
L,-0.4251,0.0998,-4.9485,-3.3617,0.4096,-0.0901
I,-0.6666,-0.8007,-3.7493,-3.7473,0.2509,-0.4286
M,-0.4497,0.8756,-2.7252,0.2103,0.21,0.4025
F,-0.6377,-1.0351,-3.4987,-1.1754,0.4082,-0.6919
Y,-0.4463,-0.0953,-3.0443,-1.4577,1.1254,-0.724
W,-1.6356,-0.7704,-1.9127,-0.9104,-0.3252,-0.324
S,0.3421,0.4522,-4.6899,1.3778,-0.4395,0.4833
T,0.3116,1.1765,-4.0527,-3.0502,-0.0507,0.5346
C,-0.9703,0.1173,-2.8325,-0.8314,-0.2481,-0.2485
N,-0.1991,-0.1634,-3.4751,-1.8882,-0.4735,0.1111
Q,0.6379,-0.4223,-3.886,-2.884,-0.7155,-0.564
D,-0.0157,-1.735,4.308,-3.8748,-1.8742,-0.067
E,1.7438,-0.8618,-4.4629,-3.4601,-0.9996,-0.6519
K,-3.8737,-4.009,-4.1516,-4.1503,-1.566,-0.6921
R,-3.8511,-3.9855,-4.1275,-3.1253,-2.5409,-1.5402
H,-0.1606,-0.0728,-3.022,-2.0207,-0.4373,-0.023
