AA,P3,P2,P1,P1',P2',P3'
G,-1.1614,-1.1612,-1.1609,0.8808,-0.1186,0.8817
P,-1.1027,0.4823,-1.1024,-1.0617,-0.0622,0.5233
A,-1.2546,-1.2544,-1.254,0.3721,-0.2068,-0.2051
V,-1.0202,0.5651,-1.0194,0.6059,0.0199,0.0193
L,-0.7605,-0.7601,-1.7598,-1.7196,-0.7209,-0.7211
I,0.4386,-0.561,-0.5606,-0.5203,0.478,0.4766
M,0.4629,0.4631,0.4635,1.63,0.6297,1.6296
F,-0.3102,0.6899,-0.31,-0.2703,-0.2716,-0.2722
Y,0.1443,0.1443,0.1443,0.1844,0.1826,0.1811
W,1.2769,1.2766,1.276,1.3166,1.3169,1.3181
S,-0.5002,-0.5009,-1.5012,0.1237,-0.4603,-0.4596
T,0.1366,0.136,-0.864,0.1769,0.7613,-0.8233
C,0.3573,0.3569,0.3562,1.3957,0.394,0.3936
N,-0.2865,0.7137,-0.2864,-0.2461,-0.2464,-0.2467
Q,-0.6975,-0.6973,-0.6974,-0.657,0.3417,-0.6589
D,1.3118,0.312,3.0123,0.3523,-0.6471,-0.6473
E,1.533,0.3107,0.3107,-1.233,-0.232,-1.2322
K,-0.9612,-0.962,-0.963,-0.9233,0.0761,0.0756
R,-0.9386,0.0615,-0.9388,-0.8982,0.1012,0.1019
H,1.167,1.1669,0.1666,0.2064,0.2048,0.204
