AA,P3,P2,P1,P1',P2',P3'
G,-2.5975,-1.5973,-2.597,2.1179,0.418,0.8777
P,-1.5388,-0.5387,-2.5385,-1.5251,1.0594,-0.2031
A,-1.1058,-1.6905,-2.6901,0.4937,0.3298,0.1388
V,-0.4563,1.129,-2.4555,-0.8575,0.1415,-0.1221
L,-0.3892,-0.3889,-3.1959,-1.183,-1.5993,-1.5995
I,-0.4126,-0.4122,-1.9967,-1.9837,-0.4004,0.0132
M,0.6117,1.3489,-0.9726,0.1666,0.1663,1.1662
F,-1.7463,-0.7462,-1.7461,-0.1487,-0.1501,-0.7356
Y,-1.2918,0.2932,-1.2918,-0.279,0.7192,-0.2823
W,-0.1592,-0.1595,-0.1601,-0.1468,-0.1465,-0.1453
S,0.2336,-0.937,-2.9373,1.3973,0.0763,0.077
T,-0.2995,2.1593,-2.3001,-1.2865,-0.287,0.0352
C,-0.0788,-0.0792,-1.0799,0.5172,-0.0694,-0.0698
N,-0.7226,-0.1375,-1.7225,-0.1245,-0.7098,0.6118
Q,0.8664,-1.1334,-2.1335,-2.1204,0.2002,-0.1223
D,-0.1243,-0.1241,4.0656,-1.1111,-0.1105,-0.1107
E,2.3339,-0.3884,-2.7104,-2.6964,0.1119,0.1117
K,-2.3973,-0.3981,-2.3991,-0.3867,-0.8023,-0.0659
R,-2.3747,-0.7897,-2.3749,-2.3616,-0.3622,-0.0396
H,-0.2691,-0.2692,-1.2695,-1.257,-0.2586,-0.2594
