AA,P3,P2,P1,P1',P2',P3'
G,-1.2834,-0.2832,-1.2829,1.8378,-0.1617,-1.1614
P,-1.2247,0.3603,-1.2244,-1.1048,-1.1052,0.4803
A,-1.3766,0.2086,-1.376,0.3291,-0.2499,-0.2482
V,0.4427,0.4431,-1.1413,-1.0222,-0.0231,0.5612
L,-0.8825,-1.8821,-1.8818,-1.7627,-1.7639,-0.7641
I,-0.6834,-0.683,-0.6826,-0.5633,1.4349,0.4335
M,0.3409,1.3411,0.3415,0.587,1.5867,0.5865
F,-0.4322,-0.4321,-0.432,-0.3134,1.6853,-0.3153
Y,0.0223,0.0224,0.0223,0.1413,0.1395,0.138
W,1.1549,1.1546,1.154,1.2736,1.2739,1.275
S,-1.6222,-0.0379,-1.6232,0.0806,-0.5034,-0.5027
T,-0.9853,0.5989,-0.986,-0.8662,0.1333,0.1336
C,0.2353,0.2349,0.2342,0.3526,0.3509,0.3505
N,-0.4085,0.5917,-0.4084,0.7108,-0.2895,0.7102
Q,1.1806,-0.8193,-0.8194,-0.7,0.2986,0.2981
D,1.1899,0.775,3.3598,-0.6908,0.3098,-0.6904
E,0.9255,-1.3962,-1.3963,0.3089,-1.2751,0.3097
K,0.5018,-1.084,-1.085,-0.9663,-0.967,-0.9675
R,-0.0606,-1.0605,-1.0608,-0.9413,-0.9419,-0.9412
H,1.045,1.6298,0.0446,0.1633,0.1617,1.161
