AA,P3,P2,P1,P1',P2',P3'
G,-1.7178,-1.7176,-1.7173,2.6813,-0.5661,1.0192
P,-1.6591,1.5109,-1.6588,-1.5092,1.0753,-1.5091
A,-0.811,-0.8107,-1.8104,0.3397,0.3457,0.3474
V,1.4234,-1.5762,-1.5758,-1.4265,0.8944,-1.4281
L,-0.7319,-2.3165,-2.3162,-2.1671,-1.1683,-0.5835
I,1.2041,-1.1174,-1.117,-0.9677,-0.9695,-0.9709
M,1.9065,-0.0933,-0.0929,0.1826,0.1823,0.1821
F,-0.8666,-0.8665,-0.8664,-0.7178,-0.7191,-0.7197
Y,-0.4121,-0.412,-0.4121,-0.263,-0.2649,0.7336
W,0.7205,0.7202,0.7196,0.8692,0.8695,0.8706
S,-2.0566,2.335,-2.0576,-0.9087,0.0922,0.6779
T,-1.4197,-1.4204,-1.4204,0.7294,1.3139,-1.2708
C,1.8009,0.8005,-0.2002,-0.0518,0.9465,-0.0539
N,-0.8429,-0.8427,-0.8428,-0.6936,0.3062,-0.6942
Q,0.3311,-1.2537,-1.2538,-1.1044,-1.1058,0.4786
D,-0.2446,-1.2444,-1.2446,-1.0952,-1.0946,1.4902
E,-1.8308,-1.8306,-1.8307,-1.6805,-0.6795,-1.6797
K,-0.5176,-1.5184,-0.5194,-1.3707,-1.3714,-1.3719
R,1.3124,-1.4949,3.4116,-1.3457,-1.3463,-1.3455
H,-0.3894,-0.3895,-0.3898,-0.2411,-0.2427,1.3415
