AA,P3,P2,P1,P1',P2',P3'
G,-1.0282,-1.028,-1.0276,1.0183,0.0189,0.0192
P,-0.9694,0.6156,-0.9692,-0.9242,0.6603,0.6608
A,-1.1214,-0.1211,-1.1208,0.5096,-1.0693,-0.0676
V,0.113,-0.8866,-0.8861,-0.8416,0.1575,1.1568
L,-0.6272,-1.6269,-1.6265,-1.5821,-0.5834,-0.5835
I,-0.4282,-0.4278,-0.4274,-0.3828,-0.3845,-0.3859
M,0.5961,0.5964,0.5967,0.7675,0.7672,0.7671
F,-0.1769,-0.1768,-0.1767,-0.1328,0.8659,-0.1347
Y,0.2776,1.2776,0.2776,1.3219,1.3201,0.3186
W,1.4102,1.4099,1.4092,1.4541,1.4544,1.4556
S,-1.367,-0.3676,-1.368,0.9982,-0.3228,-1.3221
T,0.8549,1.2692,-0.7308,-0.6856,0.3139,0.3142
C,0.4905,0.4902,0.4895,0.5332,0.5315,0.5311
N,-0.1533,-0.1531,-0.1532,-0.1086,-0.1089,-0.1092
Q,0.4358,-0.564,-0.5641,-0.5195,-0.5208,-0.5214
D,-0.5549,-0.5548,3.0301,-0.5102,-0.5096,-0.5098
E,1.6662,-1.141,-1.141,-1.0955,-1.0945,-1.0947
K,-0.8279,0.1712,-0.8297,-0.7858,0.2136,0.2131
R,-0.8053,-0.8053,-0.8056,-0.7607,-0.7613,-0.7606
H,0.3002,1.8851,0.2999,0.3439,0.3423,0.3415
