AA,P3,P2,P1,P1',P2',P3'
G,-1.1699,-0.567,-3.5136,2.5495,0.5209,0.2284
P,-2.6961,0.968,-4.0401,-3.0369,0.1721,-0.0826
A,0.2563,-0.3763,-3.1917,0.6449,0.3416,0.1416
V,0.3123,1.6358,-2.957,-1.0474,-0.0011,0.799
L,-0.2496,0.419,-4.6975,-0.2685,-0.3385,0.0042
I,-0.4768,0.2645,-4.4983,-1.4955,-0.2493,-0.3287
M,-0.1306,0.4406,-3.4742,-0.5378,-0.7605,0.3548
F,-0.4182,-0.4321,-4.2477,0.2781,-0.0769,-0.788
Y,-0.7711,-0.4631,-2.2084,0.2092,-0.4707,-0.0936
W,-0.0535,0.1546,-2.6617,-0.6586,-0.6583,-0.6571
S,0.0438,-1.3428,-3.4389,0.3964,0.1495,-0.1494
T,-0.2551,1.0395,-4.8017,-1.3389,-0.155,-0.3391
C,-0.5581,-0.7651,-2.5815,-1.2576,-3.5812,-0.9967
N,-0.295,-2.2157,-1.4167,0.1006,0.1003,-0.637
Q,0.2452,-0.9262,-3.6351,-3.6322,0.2734,-0.3861
D,0.6444,-2.2954,4.1815,-1.038,-0.3744,-0.0376
E,1.7171,-1.8817,-0.4046,-2.2082,-0.0779,0.0405
K,-0.4842,-0.432,-3.3157,-2.0911,0.8558,0.6853
R,-1.269,-0.113,-3.2916,-1.5515,-0.7866,-0.1728
H,-1.4265,-2.1775,-3.7711,-0.4469,-0.6005,-0.6012
