AA,P3,P2,P1,P1',P2',P3'
G,-0.9808,2.4788,2.4791,-0.7186,-0.7181,-0.7178
P,-0.9221,-0.9221,-0.9219,-0.6612,-0.6616,-0.6611
A,-1.0741,-1.0738,-1.0735,-0.8123,-0.8063,-0.8046
V,-0.8397,-0.8393,-0.8388,-0.5785,-0.5795,-0.5801
L,-0.5799,-1.5796,-1.5792,-1.3191,-1.3203,0.2644
I,-0.3808,-0.3805,-0.3801,-0.1197,0.8785,0.8771
M,0.6434,0.6437,0.644,2.0306,1.0303,1.0301
F,-0.1296,-0.1295,-0.1294,0.1302,0.1289,0.1283
Y,0.3249,0.3249,0.3249,0.5849,0.5831,0.5816
W,1.4575,1.4572,1.4566,1.7172,1.7175,1.7186
S,-1.3197,-1.3203,-1.3207,-1.0607,-1.0598,-0.0591
T,-0.6828,-0.6835,-0.6835,-0.4226,0.5769,-0.4228
C,0.5378,0.5375,0.5368,0.7962,0.7945,0.7941
N,-0.106,-0.1058,-0.1059,0.1544,0.1541,0.1538
Q,-0.5169,-0.5167,-0.5168,-0.2564,1.3272,0.7417
D,-0.5076,-0.5074,-0.5076,-0.2472,-0.2466,-0.2468
E,-1.0938,-1.0937,-1.0937,-0.8325,0.1685,-0.8317
K,-0.7806,-0.7815,-0.7824,1.7992,-0.5234,-0.5239
R,2.5639,-0.758,-0.7583,-0.4977,-0.4983,-0.4975
H,0.3475,0.3474,0.3472,0.6069,0.6053,0.6046
