AA,P3,P2,P1,P1',P2',P3'
G,-1.074,2.6267,2.627,0.0673,-0.8291,0.1712
P,-1.0152,-1.0152,-1.015,0.1247,0.2273,0.2279
A,-1.1672,-1.1669,-1.1666,-1.0264,-0.9173,-0.9156
V,-0.9328,-0.9324,-0.9319,-0.7927,-0.6905,-0.6912
L,-1.673,-1.6727,-1.6723,-1.5332,-1.4314,-1.4315
I,-0.474,-0.4736,-0.4732,1.6662,1.7675,0.7661
M,0.5503,0.5506,0.5509,2.4014,0.9192,0.9191
F,-0.2227,-0.2226,-0.2225,-0.0839,0.0179,0.0173
Y,0.2318,0.2318,0.2318,0.3708,0.4721,0.4706
W,1.3644,1.3641,1.3634,1.5031,1.6064,1.6076
S,-1.4128,-1.4134,-1.4138,-1.2749,-1.1708,-1.1701
T,-0.7759,-0.7766,-0.7766,-0.6367,-0.5341,-0.5338
C,0.4447,0.4444,0.4437,0.5821,0.6835,0.6831
N,-0.1991,-0.1989,-0.199,-0.0597,0.0431,0.0428
Q,-0.61,-0.6098,-0.6099,-0.4705,0.6312,-0.3694
D,-0.6007,-0.6006,-0.6007,-0.4613,-0.3576,-0.3578
E,-1.1869,-1.1868,-1.1868,-1.0466,-0.9425,1.0573
K,-0.8737,-0.8746,-0.8755,0.2631,0.3656,0.3651
R,2.8493,-0.8511,-0.8514,0.2882,-0.6093,-0.6086
H,0.2544,0.2543,0.2541,0.3928,1.4943,0.4935
