AA,P3,P2,P1,P1',P2',P3'
G,-0.9808,2.4788,2.4791,-0.9817,-0.8291,1.4931
P,-0.9221,-0.9221,-0.9219,0.0758,0.8123,0.2279
A,-1.0741,-1.0738,-1.0735,-0.0753,-0.9173,-0.9156
V,-0.8397,-0.8393,-0.8388,-0.8416,0.3095,-0.6912
L,-1.5799,-1.5796,-1.5792,-1.5821,-1.4314,-1.4315
I,-0.3808,-0.3805,-0.3801,-0.3828,-0.2325,0.7661
M,0.6434,0.6437,0.644,3.5749,0.9192,0.9191
F,-0.1296,-0.1295,-0.1294,-0.1328,0.0179,0.0173
Y,0.3249,0.3249,0.3249,0.3219,0.4721,1.4706
W,1.4575,1.4572,1.4566,1.4541,1.6064,1.6076
S,-1.3197,-1.3203,-1.3207,-1.3238,-1.1708,-1.1701
T,-0.6828,-0.6835,-0.6835,-0.6856,-0.5341,-0.5338
C,0.5378,0.5375,0.5368,0.5332,0.6835,0.6831
N,-0.106,-0.1058,-0.1059,-0.1086,0.0431,0.0428
Q,-0.5169,-0.5167,-0.5168,-0.5195,0.6312,-0.3694
D,-0.5076,-0.5074,-0.5076,-0.5102,-0.3576,-0.3578
E,-1.0938,-1.0937,-1.0937,-1.0955,-0.9425,-0.9427
K,-0.7806,-0.7815,-0.7824,0.2142,-0.6344,-0.6349
R,2.7014,-0.758,-0.7583,0.2393,-0.6093,-0.6086
H,0.3475,0.3474,0.3472,0.3439,2.4943,0.4935
