AA,P3,P2,P1,P1',P2',P3'
G,-1.074,2.6267,2.627,-1.0748,0.1709,0.7561
P,-1.0152,-1.0152,-1.015,-1.0173,-0.7727,-0.7721
A,-1.1672,-1.1669,-1.1666,-1.1684,-0.9173,-0.9156
V,-0.9328,-0.9324,-0.9319,-0.9347,0.3095,-0.6912
L,-1.673,-1.6727,-1.6723,-1.6752,-1.4314,-1.4315
I,-0.474,-0.4736,-0.4732,1.1091,1.3525,-0.2339
M,0.5503,0.5506,0.5509,1.6744,0.9192,0.9191
F,-0.2227,-0.2226,-0.2225,-0.2259,0.0179,0.0173
Y,0.2318,0.2318,0.2318,0.2288,0.4721,0.4706
W,1.3644,1.3641,1.3634,1.361,1.6064,1.6076
S,-1.4128,-1.4134,-1.4138,-1.4169,-1.1708,-1.1701
T,-0.7759,-0.7766,-0.7766,-0.7787,-0.5341,-0.5338
C,0.4447,0.4444,0.4437,0.4401,0.6835,0.6831
N,-0.1991,-0.1989,-0.199,-0.2017,0.0431,0.0428
Q,-0.61,-0.6098,-0.6099,-0.6126,-0.3688,-0.3694
D,-0.6007,-0.6006,-0.6007,-0.6033,-0.3576,-0.3578
E,-1.1869,-1.1868,-1.1868,-1.1886,-0.9425,1.3792
K,-0.8737,-0.8746,-0.8755,2.4431,0.3656,-0.6349
R,2.8493,-0.8511,-0.8514,-0.8538,0.3907,0.3914
H,0.2544,0.2543,0.2541,0.2508,1.4943,0.4935
