AA,P3,P2,P1,P1',P2',P3'
G,-0.9319,2.3902,2.3905,-0.9327,-0.8291,0.1712
P,-0.8732,-0.8732,-0.8729,-0.8753,-0.7727,-0.7721
A,-1.0251,-1.0249,-1.0246,-1.0264,-0.9173,-0.9156
V,-0.7908,-0.7904,-0.7899,-0.7927,-0.6905,-0.6912
L,-1.531,-1.5307,-1.5303,-1.5332,-1.4314,0.1534
I,-0.3319,-0.3316,-0.3312,-0.3338,0.7675,0.7661
M,0.6923,0.6926,0.6929,2.4014,0.9192,0.9191
F,-0.0807,-0.0806,-0.0805,-0.0839,0.0179,0.0173
Y,0.3738,0.3738,0.3738,0.3708,0.4721,0.4706
W,1.5064,1.5061,1.5055,1.5031,1.6064,1.6076
S,-1.2707,-1.2714,-1.2717,-1.2749,-1.1708,0.4149
T,-0.6339,-0.6346,-0.6345,-0.6367,0.4659,-0.5338
C,0.5868,0.5864,0.5857,0.5821,0.6835,0.6831
N,-0.057,-0.0569,-0.0569,-0.0597,0.0431,0.0428
Q,-0.468,-0.4678,-0.4679,-0.4705,0.6312,0.6306
D,-0.4587,-0.4585,-0.4587,-0.4613,-0.3576,-0.3578
E,-1.0449,-1.0448,-1.0448,-1.0466,0.6425,-0.9427
K,-0.7317,-0.7326,-0.7335,2.2631,-0.6344,-0.6349
R,2.6128,-0.7091,-0.7094,-0.7118,-0.6093,-0.6086
H,0.3964,0.3963,0.3961,0.3928,2.0792,0.4935
