AA,P3,P2,P1,P1',P2',P3'
G,-0.8813,2.2888,2.2891,-0.8821,-0.8816,-0.8813
P,-0.8226,-0.8225,-0.8223,-0.8247,-0.8251,-0.8246
A,-0.9745,-0.9742,-0.9739,-0.9758,-0.9698,0.0319
V,-0.7401,-0.7397,-0.7392,-0.742,-0.743,-0.7436
L,-1.4804,-1.48,-1.4797,-1.4826,-0.4838,-1.484
I,-0.2813,-0.2809,-0.2805,-0.2832,-0.285,-0.2864
M,0.743,0.7432,0.7436,0.8671,0.8668,0.8666
F,-0.0301,-0.03,-0.0299,-0.0333,-0.0346,-0.0352
Y,0.4244,0.4245,0.4244,0.4214,0.4196,0.4181
W,1.557,1.5567,1.5561,1.5537,1.554,1.5551
S,-1.2201,-1.2208,-1.2211,-1.2242,0.3617,-1.2226
T,2.5867,-0.5839,-0.5839,-0.5861,1.4134,-0.5863
C,0.6374,0.637,0.6363,0.6327,0.631,0.6306
N,-0.0064,-0.0062,-0.0063,-0.0091,-0.0094,-0.0097
Q,-0.4173,-0.4172,-0.4173,-0.4199,-0.4213,-0.4218
D,-0.408,-0.4079,-0.4081,-0.4107,-0.4101,-0.4103
E,-0.9943,-0.9941,-0.9942,-0.996,0.59,2.0048
K,-0.6811,-0.6819,-0.6829,2.4837,-0.6869,-0.6874
R,-0.6585,-0.6584,-0.6587,-0.6612,-0.6618,-0.661
H,0.4471,0.447,0.4467,0.4434,0.4418,0.4411
