AA,P3,P2,P1,P1',P2',P3'
G,-1.7744,3.2702,3.2705,-1.6294,-1.5978,-1.5334
P,-1.7157,-1.7156,-1.7154,-1.5719,-0.5413,-1.4767
A,-1.8676,-1.8673,-1.867,-1.723,-1.686,-0.0352
V,-1.6332,-1.6328,-1.6323,0.0957,0.1257,-1.3957
L,-2.3735,-2.3731,-2.3728,-2.2298,-0.2,-2.1361
I,-1.1744,-1.174,-1.1736,-1.0304,0.9988,0.0615
M,-0.1501,-0.1499,-0.1495,0.1198,1.1506,0.2145
F,-0.9231,-0.9231,-0.923,-0.7805,0.2492,0.3128
Y,1.5313,-0.4686,-0.4687,-0.3258,0.7034,-0.2339
W,0.6639,0.6636,0.663,0.8065,0.8378,0.9031
S,-2.1132,-2.1139,-2.1142,-0.9715,-0.3545,-0.8746
T,3.4306,-1.477,-1.477,-1.3333,0.2822,-0.2383
C,-0.2557,-0.2561,-0.2568,-0.1145,-0.0852,-0.0215
N,-0.8995,-0.8993,-0.8994,-0.7563,-0.7256,0.3382
Q,-1.3104,-1.3103,-1.3104,-1.1672,1.1844,-0.0739
D,-1.3011,-1.301,-1.3011,-1.1579,-1.1263,-0.0624
E,-1.8874,-1.8872,-1.8872,-1.7432,0.2888,2.3528
K,-1.5742,-1.575,-1.576,3.1515,0.5969,-1.3395
R,-1.5516,-1.5515,-1.5518,-1.4084,-1.378,-1.3131
H,-0.446,-0.4461,-0.4464,0.6962,-0.2744,-0.211
