AA,P3,P2,P1,P1',P2',P3'
G,-1.3959,2.9966,2.9969,-1.204,-1.1617,-1.0739
P,-1.3372,-1.3371,-1.3369,-1.1466,0.4797,-0.0172
A,-1.4891,-1.4888,-1.4885,-1.2977,-1.2499,0.8393
V,-1.2547,-1.2543,-1.2538,1.258,-1.0231,-0.9363
L,-1.9949,-1.9946,-1.9943,-1.8045,-0.179,-1.6767
I,-0.7959,-0.7955,-0.7951,-0.6051,-0.5651,-0.479
M,0.2284,0.2286,0.229,0.5452,1.5867,0.674
F,-0.5446,-0.5446,-0.5445,-0.3552,-0.3147,0.7722
Y,1.9098,-0.0901,-0.0902,0.0995,1.7245,0.2255
W,1.0425,1.0421,1.0415,1.2318,1.2739,1.3625
S,-1.7347,-1.7353,-1.7357,-1.5462,-0.5034,-1.4152
T,3.0721,-1.0985,-1.0985,-0.908,0.1333,0.2211
C,0.1228,0.1225,0.1217,0.3108,1.3509,0.438
N,-0.521,-0.5208,-0.5209,-0.331,-0.2895,-0.2024
Q,-0.9319,-0.9317,-0.9318,-0.7419,0.2986,-0.6145
D,-0.9226,-0.9225,-0.9226,-0.7326,-0.6902,-0.6029
E,-1.5089,-1.5087,-1.5087,-1.3179,0.3099,1.6195
K,-1.1957,-1.1965,-1.1975,2.4513,-0.967,-0.88
R,-1.1731,-1.173,-1.1733,-0.9831,-0.9419,-0.8537
H,-0.0675,-0.0676,-0.0678,1.1215,1.1617,0.2484
