AA,P3,P2,P1,P1',P2',P3'
G,-1.1183,2.6892,2.6895,-1.029,-0.8291,-0.8288
P,-1.0596,-1.0596,-1.0594,-0.9715,-0.7727,0.2279
A,-1.2116,-1.2113,-1.211,-1.1226,-0.9173,0.0844
V,-0.9772,-0.9768,-0.9763,-0.8889,0.3095,-0.6912
L,-1.7174,-1.7171,-1.7167,-1.6294,-1.4314,-1.4315
I,-0.5184,-0.518,-0.5176,-0.4301,-0.2325,-0.2339
M,0.5059,0.5062,0.5065,0.7202,1.9192,0.9191
F,-0.2671,-0.267,-0.2669,-0.1801,0.0179,0.0173
Y,0.1874,0.1874,0.1874,0.2746,0.4721,0.4706
W,1.32,1.3197,1.319,1.4068,1.6064,1.6076
S,-1.4572,-1.4578,-1.4582,-1.3711,-0.1708,-1.1701
T,2.8802,-0.821,-0.821,-0.7329,0.4659,-0.5338
C,0.4003,0.4,0.3993,0.4859,1.6835,0.6831
N,-0.2435,-0.2433,-0.2434,-0.1559,0.0431,0.0428
Q,-0.6544,-0.6542,-0.6543,-0.5668,-0.3688,-0.3694
D,-0.6451,-0.645,-0.6451,-0.5575,-0.3576,-0.3578
E,-1.2313,-1.2312,-1.2312,-1.1428,0.0575,1.6423
K,-0.9181,-0.919,-0.9199,2.7519,-0.6344,-0.6349
R,0.1045,-0.8955,-0.8958,-0.808,-0.6093,-0.6086
H,0.21,0.2099,0.2097,0.2966,1.4943,0.4935
