AA,P3,P2,P1,P1',P2',P3'
G,-1.1183,2.6892,2.6895,-1.029,-1.0284,-0.9808
P,-1.0596,-1.0596,-1.0594,-0.9715,0.613,0.0759
A,-1.2116,-1.2113,-1.211,-1.1226,-0.1166,-1.0676
V,-0.9772,-0.9768,-0.9763,0.6961,0.1101,0.1568
L,-1.7174,-1.7171,-1.7167,-1.6294,-0.6307,-1.5835
I,-0.5184,-0.518,-0.5176,-0.4301,-0.4318,1.199
M,0.5059,0.5062,0.5065,0.7202,0.7199,0.7671
F,-0.2671,-0.267,-0.2669,-0.1801,-0.1814,-0.1347
Y,0.1874,0.1874,0.1874,0.2746,1.2728,0.3186
W,1.32,1.3197,1.319,1.4068,1.4071,1.4556
S,-1.4572,-1.4578,-1.4582,-1.3711,0.2148,0.2629
T,2.9871,-0.821,-0.821,-0.7329,0.8515,-0.6858
C,0.4003,0.4,0.3993,0.4859,0.4842,0.5311
N,-0.2435,-0.2433,-0.2434,-0.1559,0.8438,-0.1092
Q,-0.6544,-0.6542,-0.6543,-0.5668,-0.5681,-0.5214
D,-0.6451,-0.645,-0.6451,-0.5575,-0.5569,-0.5098
E,-1.2313,-1.2312,-1.2312,-1.1428,-1.1418,0.9053
K,-0.9181,-0.919,-0.9199,2.4889,-0.8337,0.2131
R,-0.8955,-0.8955,-0.8958,-0.808,-0.8086,-0.7606
H,0.21,0.2099,0.2097,0.2966,0.295,0.3415
