AA,P3,P2,P1,P1',P2',P3'
G,-0.8813,2.1189,2.1192,0.4658,0.5335,-0.4662
P,-0.8226,-0.8225,-0.8223,-0.4768,-0.4101,-0.4096
A,-0.9745,-0.9742,-0.9739,-0.6279,-0.5547,-0.553
V,-0.7401,-0.7397,-0.7392,-0.3941,-0.328,-0.3286
L,-0.4804,-1.48,-1.4797,-1.1347,-1.0688,-0.069
I,-0.2813,-0.2809,-0.2805,0.0647,0.1301,0.1287
M,0.743,0.7432,0.7436,1.215,1.2818,1.2816
F,-0.0301,-0.03,-0.0299,0.3147,0.3805,0.3799
Y,0.4244,0.4245,0.4244,0.7694,0.8347,0.8332
W,2.557,1.5567,1.5561,1.9016,1.969,1.9702
S,-1.2201,-1.2208,-1.2211,-0.8763,-0.8082,-0.8075
T,-0.5832,-0.5839,-0.5839,-0.2382,-0.1715,-0.1712
C,0.6374,0.637,0.6363,0.9806,1.0461,1.0457
N,-0.0064,-0.0062,-0.0063,0.3389,0.4057,0.4053
Q,-0.4173,-0.4172,0.5827,-0.072,-0.0063,-0.0068
D,-0.408,-0.4079,-0.4081,-0.0628,0.005,0.0048
E,-0.9943,-0.9941,-0.9942,-0.648,-0.5799,-0.5801
K,-0.6811,-0.6819,-0.6829,0.6617,-0.2718,-0.2724
R,2.1489,0.3416,-0.6587,-0.3133,-0.2468,-0.246
H,0.4471,0.447,0.4467,0.7913,0.8568,0.8561
