AA,P3,P2,P1,P1',P2',P3'
G,-1.2032,-1.203,2.7973,-0.7186,-0.5337,-0.5334
P,-1.1445,-1.1445,-1.1442,-0.6612,-0.4772,-0.4767
A,-1.2964,-1.2962,-1.2959,-0.8123,-0.6218,-0.6202
V,1.2599,-1.0617,-1.0612,-0.5785,-0.3951,-0.3957
L,-0.2173,-1.802,-1.8016,-0.3191,-0.1359,-0.1361
I,-0.6032,-0.6029,-0.6025,-0.1197,0.063,0.0615
M,0.421,0.4213,0.4216,2.0306,1.2147,1.2145
F,-0.352,3.4554,-0.3518,1.1302,0.3133,0.3128
Y,0.1025,1.6875,0.1025,0.5849,0.7675,0.7661
W,1.2351,1.2348,1.2342,1.7172,1.9019,1.9031
S,-1.5421,-1.5427,-1.5431,-1.0607,-0.8753,-0.8746
T,2.4168,-0.9059,-0.9058,-0.4226,-0.2387,-0.2383
C,0.3155,0.3151,0.3144,1.7962,0.979,0.9785
N,-0.3283,-0.3282,-0.3282,0.1544,0.3386,0.3382
Q,-0.7393,-0.7391,-0.7392,-0.2564,-0.0734,-0.0739
D,-0.73,-0.7298,-0.73,-0.2472,-0.0622,-0.0624
E,-1.3162,-1.3161,-1.3161,-0.8325,-0.647,0.3528
K,-1.003,-1.0039,-1.0048,0.4773,0.6611,-0.3395
R,-0.9804,-0.9804,-0.9807,-0.4977,-0.3139,-0.3131
H,0.1251,0.125,0.1248,0.6069,0.7897,0.789
