AA,P3,P2,P1,P1',P2',P3'
G,-0.8813,2.2888,2.2891,-0.8821,-0.8291,1.1712
P,-0.8226,-0.8225,-0.8223,-0.8247,-0.7727,-0.7721
A,-0.9745,-0.9742,-0.9739,-0.9758,-0.9173,-0.9156
V,-0.7401,-0.7397,-0.7392,-0.742,-0.6905,-0.6912
L,-1.4804,-1.48,-1.4797,-1.4826,-1.4314,-1.4315
I,-0.2813,-0.2809,-0.2805,-0.2832,1.3525,-0.2339
M,0.743,0.7432,0.7436,0.8671,0.9192,0.9191
F,-0.0301,-0.03,-0.0299,-0.0333,0.0179,0.0173
Y,0.4244,0.4245,0.4244,0.4214,0.4721,0.4706
W,1.557,1.5567,1.5561,1.5537,1.6064,1.6076
S,-1.2201,-1.2208,-1.2211,-1.2242,-1.1708,0.4149
T,-0.5832,-0.5839,-0.5839,-0.5861,-0.5341,-0.5338
C,0.6374,0.637,0.6363,0.6327,0.6835,0.6831
N,-0.0064,-0.0062,-0.0063,-0.0091,0.0431,0.0428
Q,-0.4173,-0.4172,-0.4173,-0.4199,-0.3688,1.2156
D,-0.408,-0.4079,-0.4081,-0.4107,-0.3576,-0.3578
E,-0.9943,-0.9941,-0.9942,-0.996,1.6425,-0.9427
K,-0.6811,-0.6819,-0.6829,2.4837,-0.6344,-0.6349
R,2.5114,-0.6584,-0.6587,-0.6612,-0.6093,-0.6086
H,0.4471,0.447,0.4467,0.4434,0.4943,0.4935
