AA,P3,P2,P1,P1',P2',P3'
G,-1.1614,2.7457,2.746,-0.8821,-0.8291,-0.8288
P,-1.1027,-1.1026,-1.1024,-0.8247,-0.7727,-0.7721
A,-1.2546,-1.2544,-1.254,-0.9758,-0.9173,-0.9156
V,-1.0202,-1.0198,-1.0194,-0.742,-0.6905,-0.6912
L,-1.7605,-1.7601,-1.7598,-1.4826,-1.4314,0.5685
I,-0.5614,-0.561,-0.5606,-0.2832,1.3525,-0.2339
M,0.4629,0.4631,0.4635,0.8671,0.9192,0.9191
F,-0.3102,-0.3101,-0.31,-0.0333,0.0179,0.0173
Y,0.1443,0.1443,0.1443,0.4214,0.4721,0.4706
W,1.2769,1.2766,1.276,1.5537,1.6064,1.6076
S,-1.5002,-1.5009,-1.5012,-1.2242,-1.1708,0.4149
T,-0.8634,-0.864,-0.864,-0.5861,-0.5341,-0.5338
C,0.3573,0.3569,0.3562,0.6327,0.6835,0.6831
N,-0.2865,-0.2863,-0.2864,-0.0091,0.0431,0.0428
Q,-0.6975,-0.6973,-0.6974,-0.4199,1.6312,1.2156
D,-0.6882,-0.688,-0.6882,-0.4107,-0.3576,-0.3578
E,-1.2744,-1.2743,-1.2743,-0.996,0.6425,-0.9427
K,-0.9612,-0.962,-0.963,2.4837,-0.6344,-0.6349
R,2.9683,-0.9385,-0.9388,-0.6612,-0.6093,-0.6086
H,0.167,0.1669,0.1666,0.4434,0.4943,0.4935
