AA,P3,P2,P1,P1',P2',P3'
G,-0.4663,-0.4661,-0.7553,0.0673,-0.0438,-1.4662
P,-0.4075,-0.4075,-1.2817,-1.8753,-1.5724,-1.4096
A,0.4405,-0.5592,0.374,-1.0264,-1.717,-0.553
V,-0.3251,-0.3247,-2.1987,-1.7927,-1.4902,-1.3286
L,-1.0653,-1.065,0.5203,-0.2113,-1.2311,-2.069
I,0.1337,1.1341,-0.74,-1.3338,-0.0322,-0.8713
M,1.158,1.1582,0.2841,-0.1835,1.1195,0.2816
F,0.385,0.385,0.8326,0.5011,0.8031,0.9648
Y,0.8394,0.8395,0.965,-0.6292,-0.3276,-0.1668
W,1.9721,1.9717,0.0967,2.5031,0.8067,0.9702
S,-0.8051,-0.8057,-2.6806,-0.6899,-1.9705,-1.8075
T,-0.1682,-0.1689,-2.0434,-1.6367,-1.3338,-1.1712
C,1.0524,1.0521,0.1769,-0.4179,-0.1162,0.0457
N,0.4086,0.4088,-1.4657,-1.0597,-0.7566,-0.5947
Q,-0.0023,-0.0021,1.7083,2.4363,3.0014,3.3151
D,0.007,0.0071,-1.8675,-1.4613,-1.1573,-0.9952
E,-0.5793,-0.5791,-1.4536,-1.0466,-0.7422,-1.5801
K,-0.2661,-0.2669,1.3171,0.8481,-0.4341,-1.2724
R,-0.2435,-0.2434,0.6892,0.2882,-0.409,-1.246
H,0.8621,0.862,-1.0127,-0.6072,-0.3054,-0.1439
