AA,P3,P2,P1,P1',P2',P3'
G,0.0192,-1.0738,0.4671,-0.1192,-0.0742,0.2256
P,-0.9221,-1.0152,-0.0594,-1.0617,-0.0178,-0.7177
A,-1.0741,-1.1669,-1.211,-1.2128,-1.1624,-0.8612
V,1.1603,0.6526,-0.9763,-0.9791,-0.9357,-0.6367
L,-1.5799,-1.6727,-1.7167,-0.7196,-0.0915,-1.3771
I,-0.3808,-0.4736,-0.5176,-0.5203,-0.4776,-0.1795
M,0.6434,0.5506,0.5065,0.63,1.6741,1.9735
F,1.4554,1.3623,1.7331,1.7297,-0.2272,0.0718
Y,0.3249,0.2318,0.1874,0.1844,1.227,0.5251
W,1.4575,1.3641,2.319,1.3166,1.3613,1.6621
S,-1.3197,0.1715,-1.4582,-0.4613,-1.4159,-0.1156
T,-0.6828,-0.7766,-0.821,-0.8231,-0.7792,-0.4794
C,0.5378,0.4444,0.3993,0.3957,0.4384,0.7375
N,-0.106,-0.1989,-0.2434,-0.2461,-0.202,1.0972
Q,0.4831,-0.6098,0.3457,0.928,0.971,-0.3149
D,-0.5076,-0.6006,0.3549,-0.6477,-0.6027,-0.3034
E,0.4911,-1.1868,-1.2312,-1.233,-1.1876,-0.8883
K,-0.7806,-0.8746,-0.9199,0.6617,1.1205,1.0045
R,0.242,0.7339,0.1042,-0.8982,0.1456,-0.5541
H,0.3475,2.5762,2.2097,2.2064,0.2492,0.548
