AA,P3,P2,P1,P1',P2',P3'
G,0.7561,-0.8286,0.7042,-0.8821,0.1184,-0.7744
P,-0.7701,-0.7701,-0.8223,-0.8247,-0.8251,0.2823
A,-0.922,-0.9218,-0.9739,-0.9758,0.0302,-0.8612
V,-0.6877,1.3127,0.2608,-0.742,-0.743,-0.6367
L,-1.4279,-1.4276,-0.4797,-0.4826,-1.4838,-0.3771
I,-0.2288,-0.2285,-0.2805,0.7168,-0.285,0.8205
M,0.7954,0.7957,0.7436,0.8671,0.8668,0.9735
F,0.0224,2.0225,-0.0299,-0.0333,-0.0346,0.0718
Y,0.4769,1.4769,0.4244,1.4214,0.4196,0.5251
W,1.6095,1.6092,1.5561,1.5537,1.554,1.6621
S,-0.1677,-1.1683,-0.2211,-1.2242,-1.2233,-0.1156
T,-0.5308,-0.5315,-0.5839,-0.5861,-0.5866,-0.4794
C,0.6898,0.6895,0.6363,0.6327,0.631,0.7375
N,0.046,0.0462,-0.0063,-0.0091,-0.0094,0.0972
Q,-0.3649,-0.3647,-0.4173,-0.4199,1.1637,-0.3149
D,0.6444,-0.3554,-0.4081,-0.4107,0.5899,-0.3034
E,1.0582,-0.9417,-0.9942,-0.996,-0.995,-0.8883
K,-0.6286,-0.6295,-0.6829,-0.6862,-0.6869,1.0045
R,-0.606,-0.606,0.9262,0.9238,1.3382,-0.5541
H,0.4995,0.4994,1.4467,2.4434,0.4418,0.548
