AA,P3,P2,P1,P1',P2',P3'
G,-1.5443,0.7168,-3.2829,-2.2744,-2.2541,-3.2135
P,0.0994,1.3603,2.8841,-2.217,1.6603,-2.1568
A,-1.2224,-1.3763,-0.7911,-1.3681,-1.3423,-1.7153
V,-2.9881,-3.1418,-3.1413,-3.1344,-3.1156,-3.0758
L,-2.1433,-2.8821,-1.2968,-1.8749,-1.049,-0.1158
I,-1.5292,-0.683,-1.6826,0.1318,0.9275,-0.2966
M,-1.505,-1.6589,-1.6585,-1.5252,-1.5058,-0.4656
F,3.6528,-0.4321,1.7379,3.4813,-0.4071,1.44
Y,-1.8235,-0.9776,0.8297,1.6141,-1.9529,-0.9141
W,-0.6909,-0.8454,-0.846,0.1614,0.7664,0.8079
S,-1.8831,2.21,-1.3013,0.8429,-2.5958,-1.9698
T,-1.8312,-2.986,-2.986,-2.9784,-2.9591,-2.9185
C,-1.6105,-1.7651,-1.7658,-1.7596,-1.7415,-1.7016
N,-0.6694,-0.8234,-1.4084,-1.4014,-1.3819,-1.3419
Q,-1.6653,-1.8193,-1.8194,-1.2273,-0.7938,3.4748
D,-1.656,-1.81,-1.8102,-1.803,-2.7826,-1.1575
E,-2.2422,-2.3962,-2.3963,-2.3883,-2.3675,-1.7424
K,0.9779,-0.7621,-1.5,-2.0785,-1.4745,-3.0196
R,1.0005,0.7468,0.9392,0.8534,2.9198,-0.6713
H,-0.8009,-0.9551,-0.9554,-0.9489,-0.3458,-1.8911
