AA,P3,P2,P1,P1',P2',P3'
G,-1.4777,0.8538,-2.2434,-0.4373,-1.2441,-2.2237
P,-0.1966,1.0729,2.6731,-3.1873,1.8123,-1.582
A,-0.5709,-1.7418,-1.0146,-1.3384,-1.3323,-2.3105
V,-1.9215,-0.7703,-2.1018,-3.1046,-1.1056,-1.5011
L,-2.0767,-1.8326,-1.0349,-2.8451,-1.2614,-0.367
I,-0.8777,-1.6335,-2.6431,-0.3239,-0.0626,-0.6288
M,-1.4384,-1.6093,-0.619,-1.4955,-1.4958,0.1092
F,3.5435,0.6175,1.9999,3.4371,-0.8122,1.5293
Y,0.2431,-1.9281,-0.3532,-0.3562,0.0571,0.3977
W,-0.6243,-0.7958,-0.8065,0.1911,-0.8086,-0.7872
S,-1.4015,2.2596,-1.9987,0.8055,-1.2639,-1.98
T,-1.7646,-1.3515,-2.9465,-1.9487,-2.9492,-1.9287
C,-1.5439,-1.7155,-1.7263,-1.7299,-1.7315,-1.7118
N,-1.1877,-1.3587,-0.3689,-0.7867,-1.3719,-0.7671
Q,-0.5987,-0.4478,-1.7798,-1.1975,-1.1989,3.3443
D,-1.5894,-1.7604,-0.4487,-1.1883,-1.7727,-1.7527
E,-2.1756,-2.3467,-2.3567,-2.3585,-2.3575,-1.0156
K,1.0445,-1.4495,-1.4605,-1.0488,-1.4645,-3.0298
R,0.1602,-1.0109,1.1486,1.2982,2.783,-0.4185
H,-0.1493,-0.3206,-0.3309,-0.9192,0.0792,-1.9013
