AA,P3,P2,P1,P1',P2',P3'
G,-1.6589,0.2258,-1.7739,-0.1902,-0.7747,-0.1614
P,1.8592,-1.7156,-0.7154,-1.7178,0.6037,-1.6897
A,-0.7521,0.1327,0.133,1.1311,0.4591,-0.8331
V,1.0672,-0.0479,-1.6323,-1.6351,-1.6361,2.0917
L,-1.258,1.0863,-0.3728,-2.3757,-2.3769,-0.7641
I,-0.0589,0.4109,-1.1736,-1.1763,-1.178,-0.1514
M,0.9654,-0.1499,1.8505,-0.026,-0.0263,0.0015
F,-0.8077,0.6619,1.399,0.0736,-0.9277,1.0998
Y,0.6468,-0.4686,0.5313,-0.4716,-0.4735,-0.4469
W,0.7794,1.6636,0.663,0.6606,0.6609,0.6901
S,-0.9977,-2.1139,-0.5292,1.2046,-0.5314,-0.5027
T,0.2241,-0.477,-0.477,0.1058,-0.4797,0.1336
C,-0.1402,-0.2561,-0.2568,-0.2604,-0.262,-0.2345
N,0.216,0.6857,1.1006,1.9052,-0.9024,-0.8748
Q,0.39,-0.3103,2.1491,0.687,0.6856,-1.2869
D,-1.1857,-1.301,-1.3011,-1.3038,-1.3032,-0.2754
E,-1.7719,-1.8872,-1.8872,-1.889,-1.8881,-0.8602
K,-0.4587,0.425,-0.576,0.0056,2.5075,0.7695
R,-0.4361,-0.5515,-1.5518,-1.5543,-0.5549,-1.5261
H,-0.3305,0.5539,-0.4464,-0.4497,-0.4513,-0.424
