AA,P3,P2,P1,P1',P2',P3'
G,0.5337,0.7563,-0.4658,-2.052,-0.0515,-0.4662
P,1.1774,-0.9925,1.8151,-1.9946,-0.9951,0.8128
A,1.0255,-0.1442,0.6635,0.1762,-0.5547,1.1839
V,-0.3251,-0.9097,-1.9092,-1.912,0.672,-1.9136
L,-0.3284,1.2569,-1.6496,1.3475,0.1536,-1.6539
I,0.5488,-1.4509,-1.4505,-1.4531,0.1301,-1.4563
M,2.158,0.5733,-0.4264,2.5045,1.2818,-0.3033
F,-0.2,0.8001,0.3851,-0.2032,0.3805,-1.2051
Y,-0.7455,-0.7455,0.2545,1.8365,-0.7503,-0.7518
W,0.3871,2.3868,2.3862,0.3838,0.3841,1.3852
S,-1.39,-0.8057,-0.0691,0.1908,-2.3932,0.6075
T,-1.7532,-0.7538,-0.7538,-1.756,0.5654,0.2438
C,-0.5325,-0.5329,-0.5336,-0.5372,-0.5389,-0.5393
N,-0.1763,-1.1762,0.8238,-1.179,-1.1793,-0.1796
Q,-1.5873,0.4129,0.4128,0.7321,1.4088,0.4082
D,0.007,0.0071,-1.578,-0.5806,-1.58,0.4198
E,-1.1642,-1.1641,-2.1641,-0.5809,0.4201,-0.5801
K,-1.851,-1.8519,-1.8528,-1.8562,-1.8568,-1.8573
R,-1.8284,-1.8284,0.4933,-1.8311,-0.8317,-1.831
H,0.8621,0.862,-0.7232,-0.7265,1.2719,1.8561
