AA,P3,P2,P1,P1',P2',P3'
G,-0.1755,-0.732,1.6324,-2.7186,-0.4105,1.1605
P,2.2052,-0.6734,-0.7015,-1.0762,-1.676,-1.1047
A,1.3163,0.3448,1.1469,-0.0049,0.1794,1.0737
V,0.1881,-0.0056,0.189,0.4215,0.8656,0.5612
L,-0.7746,0.576,-1.0369,1.4358,-0.3347,-1.0272
I,-0.1605,-0.5468,-2.1597,1.8803,-0.1358,-0.5665
M,-0.1362,-0.1077,-0.1356,1.8379,1.0159,0.0015
F,-1.9092,-0.8808,0.4129,0.7152,0.1146,-1.9002
Y,0.1302,0.1586,0.8672,-1.4151,0.5688,0.138
W,-0.3221,-0.2941,-0.3231,-0.2828,0.7031,-0.3099
S,-0.7773,-0.2643,-1.1003,-1.0607,0.0958,-0.2803
T,-2.4624,-0.8498,-1.4631,-0.8376,-0.4374,0.5487
C,-1.2418,-1.2138,-0.2428,-1.2038,-1.2198,-1.2345
N,-1.8856,0.4648,0.1145,-1.8456,0.1398,0.1252
Q,-0.7115,1.3169,-0.7115,-0.2564,-0.2721,0.035
D,-0.7022,-0.6738,0.0347,-0.6622,-1.2609,-1.2754
E,-1.8734,0.6144,-1.8733,-1.8325,-0.8458,0.1398
K,-0.9753,-0.2109,-0.2401,-2.5227,0.6322,-0.5525
R,-0.5376,-0.5093,-0.216,-1.4977,0.6573,-0.9412
H,-0.4321,-1.4039,0.5676,-0.3931,0.1759,0.161
