AA,P3,P2,P1,P1',P2',P3'
G,-1.5551,-1.1398,2.0304,-2.13,-1.5116,2.2115
P,2.4105,0.2407,0.3784,-3.0726,-1.4552,-1.0172
A,0.8542,0.089,-0.0627,-0.0538,0.1372,0.6466
V,-0.1915,-0.9985,-1.413,0.1799,0.042,-0.6143
L,-0.7391,-0.2793,-1.4165,1.5174,-1.1139,-1.6767
I,-0.9551,-1.5397,-2.5393,1.2762,0.085,-0.1571
M,-0.5158,0.4845,-1.5152,-0.3808,1.2367,-1.326
F,0.2962,-0.2887,1.0333,1.3038,0.3354,-2.2278
Y,-1.8343,-0.2493,0.4876,-0.2415,-0.7954,-0.7745
W,-0.7017,0.298,-0.7026,-0.6942,1.6609,0.3625
S,0.6086,0.608,-0.6725,-1.1502,0.2622,-0.4152
T,-2.842,-1.8427,-0.8427,-1.2491,-0.4797,0.391
C,-1.6214,-1.6217,-1.6224,-1.6152,-1.584,0.0229
N,-0.6802,0.057,1.0569,-0.257,0.0976,-1.2024
Q,-0.6761,1.3241,-1.091,-0.0829,1.0641,0.5554
D,-1.6668,-1.0817,-0.3449,-1.0737,-1.0401,-1.018
E,-1.253,-0.4455,-0.4455,-2.2439,-1.21,-0.8659
K,-0.6179,0.7598,0.3803,0.0658,0.42,-0.5581
R,-2.9172,0.6678,-1.9175,-0.1018,1.2931,-1.2687
H,-0.2267,0.1882,-0.227,-0.2196,-0.1882,0.2484
