AA,P3,P2,P1,P1',P2',P3'
G,-1.4315,0.1537,-1.431,-0.4323,-1.4318,-1.4315
P,0.6272,-0.3727,-0.3725,-1.3749,-1.3753,-0.3748
A,1.4753,1.2829,1.6458,-0.526,-0.52,0.0667
V,-1.2903,0.295,-1.2894,-0.2922,0.2918,-1.2938
L,-2.0306,-0.4453,-1.0299,0.7746,-0.4491,0.5508
I,0.1685,-0.8311,-0.8307,0.7516,1.1648,0.1634
M,0.1928,1.193,0.1934,1.3169,0.3166,0.3164
F,-0.5803,-0.5802,0.4199,1.7385,0.4152,-0.5854
Y,0.8742,-0.1257,-0.1258,1.8713,-0.1306,-0.1321
W,1.0068,1.0065,1.0059,1.0035,2.0038,1.0049
S,-0.1854,-0.771,-0.1864,-0.7744,-0.7735,0.5492
T,-0.1334,0.8659,-0.1341,-0.1363,0.8632,-1.1365
C,0.0872,0.0868,1.0861,0.0825,0.0808,0.0804
N,0.4434,-0.5564,1.4435,-0.5593,-0.5595,1.0251
Q,0.0325,0.6176,-0.9675,-0.9701,1.0285,0.028
D,0.0418,-0.9581,-0.9583,-0.9609,0.0397,0.6245
E,0.4555,-0.5443,-0.5444,-1.5462,0.4548,-0.5454
K,-1.2313,-1.2321,-1.2331,-1.2364,-1.2371,-0.2376
R,-1.2087,-1.2086,-1.2089,-1.2114,-1.212,-1.2112
H,-0.1031,-0.1032,1.4815,-0.1068,-0.1084,0.8909
