AA,P3,P2,P1,P1',P2',P3'
G,-1.0393,1.4092,-0.3313,-3.5342,-1.5861,0.0669
P,2.2274,-1.8914,0.0197,-3.1142,-3.5841,-3.3789
A,1.1106,2.2737,1.1937,-0.1778,-0.3417,0.8281
V,0.9978,-0.2821,-2.1136,0.7985,0.6924,-0.3468
L,-0.1029,-0.9412,-1.3268,1.503,-0.2428,-0.5273
I,0.7488,-1.7421,-4.7423,1.4422,0.3641,-0.4438
M,0.4511,-0.9106,-0.2588,1.3849,0.2402,-0.6877
F,-0.9372,-0.3014,-0.3018,1.0542,-0.2086,-0.689
Y,-0.8279,-0.422,-0.9081,1.2566,-0.1572,-0.7576
W,-1.9047,-0.817,-1.7358,-0.0478,-0.818,-0.7361
S,-1.3781,0.1884,0.118,-0.8892,-0.1829,-0.2325
T,-1.1143,-0.9576,-0.3875,-1.2126,0.8427,0.0294
C,-0.78,-1.8242,-0.738,0.4952,-1.3048,-1.1867
N,-1.8832,-1.3381,1.1318,-1.1109,-0.5861,-0.149
Q,-1.2353,-0.3238,0.4608,-0.3875,-0.0478,0.2044
D,-3.4104,-2.5472,0.4248,-3.2852,-2.4101,0.4684
E,-2.2861,-0.5727,0.9619,-2.2459,-0.5718,0.2231
K,-1.1205,-1.7169,-0.1446,-1.1013,1.0236,0.8682
R,-2.0759,-1.5961,-0.5206,-4.3133,1.3984,0.7357
H,-1.3143,-0.8849,-0.3712,-0.8867,-0.1847,-0.1621
