AA,P3,P2,P1,P1',P2',P3'
G,-0.8813,-0.8811,-0.8808,-0.8297,0.1709,0.1187
P,0.7624,-0.8225,-0.8223,-0.7722,-0.7727,-0.8246
A,0.0255,-0.9742,0.0261,0.0767,-0.9173,0.0319
V,0.2599,0.2603,-0.7392,-0.6896,-0.6905,0.2564
L,-1.4804,0.1049,-1.4797,-0.4301,-1.4314,-1.484
I,-0.2813,-0.2809,-0.2805,-0.2307,-0.2325,-0.2864
M,0.743,0.7432,0.7436,0.9195,1.9192,0.8666
F,-0.0301,-0.03,-0.0299,1.0192,1.0179,-0.0352
Y,1.4244,1.4245,1.4244,1.4739,0.4721,1.4181
W,1.557,1.5567,1.5561,1.6062,1.6064,1.5551
S,-1.2201,-0.2208,-0.2211,0.4132,0.4142,-0.2226
T,1.0017,0.4161,1.001,-0.5336,-0.5341,-0.5863
C,0.6374,0.637,0.6363,0.6852,0.6835,0.6306
N,-0.0064,0.9938,0.9937,0.0434,0.0431,-0.0097
Q,-0.4173,-0.4172,-0.4173,-0.3675,-0.3688,-0.4218
D,0.592,-0.4079,-0.4081,-0.3582,-0.3576,-0.4103
E,-0.9943,0.0059,-0.9942,-0.9435,-0.9425,-0.9952
K,-0.6811,-0.6819,0.3171,-0.6338,-0.6344,-0.6874
R,-0.6585,-0.6584,0.3413,0.3913,0.9756,1.339
H,0.4471,0.447,0.4467,0.4959,0.4943,0.4411
