AA,P3,P2,P1,P1',P2',P3'
G,-0.3594,0.4575,1.4991,-0.3416,-1.3596,0.448
P,1.8693,-0.4839,-0.1304,-2.2841,-0.4958,-1.3026
A,0.3548,0.9493,0.6355,-1.4352,-0.1259,0.3612
V,0.5892,-0.0386,-3.2173,-0.2015,0.5863,-0.4143
L,0.129,-0.3638,-2.3728,1.643,-0.9619,-0.1547
I,-0.4374,-0.7497,-1.7586,1.0647,-1.178,-1.1795
M,-0.1501,0.2744,-0.1495,1.4076,0.3887,-0.6114
F,-0.5081,-0.4988,-1.5079,-0.1708,0.4874,-0.1913
Y,-0.0536,-0.0443,0.2683,1.1319,0.5265,-1.0599
W,0.079,-0.9121,0.078,0.0943,0.6609,-0.9229
S,0.3893,0.1178,0.0013,-0.3617,0.106,-0.0002
T,-0.7394,-0.4677,-1.062,-0.4606,-0.4797,0.743
C,-0.8407,-0.8317,-1.8417,-1.8267,-1.847,-0.8474
N,-0.8995,-0.1531,1.4225,0.5315,0.5126,0.5122
Q,-0.3104,1.284,-0.088,-0.072,0.8011,0.27
D,-1.3011,-0.8767,-0.0788,-0.5482,-0.5662,-0.5664
E,-1.8874,-0.293,-0.4722,-2.4554,0.2274,0.3341
K,-1.5742,-0.5657,0.009,-2.1457,0.157,-0.1655
R,-1.1365,-0.3198,0.5637,-1.1206,0.6675,0.3203
H,-0.446,-0.0218,0.5536,-2.016,0.2857,0.548
