AA,P3,P2,P1,P1',P2',P3'
G,-0.3482,0.6155,2.25,-0.7641,0.3259,2.3411
P,2.6365,0.6366,-0.1629,-1.1541,-1.0327,-1.4547
A,0.9646,1.0183,0.8111,0.3228,0.63,1.1388
V,0.3779,-0.2806,-0.0798,0.7545,0.1649,-0.0842
L,-0.6842,-0.514,-1.4723,1.4428,-0.469,-1.0361
I,-0.2628,-0.7478,-1.7586,0.8821,-0.1706,-0.6269
M,-2.0459,-0.4607,-0.7345,0.8856,-0.1184,-1.9334
F,-0.649,0.2686,-0.1294,0.1779,0.2603,-0.5132
Y,-1.3644,0.443,0.0839,0.6326,-0.5656,-1.0599
W,-2.2318,-2.2321,-1.2439,-0.6502,0.0833,-0.6599
S,-0.6166,-0.2023,-0.7732,-0.6207,-0.9284,-0.0225
T,-0.9126,-0.6723,-0.5765,-1.5676,0.6209,-0.1383
C,-2.1515,-0.8299,-1.5787,-3.1561,-1.1615,-0.8474
N,-1.4733,-1.7951,0.3636,-1.7979,-0.48,-1.2247
Q,-1.3988,0.1863,-1.0473,0.3148,0.7862,-0.8999
D,-1.875,-2.1967,-1.208,-1.6146,-1.0327,-0.7508
E,-2.1982,-0.6955,-0.7941,-1.6149,-0.7001,-1.0947
K,-1.4699,0.2297,-0.1609,-0.0156,0.3786,-1.1655
R,-1.8624,0.7622,-1.4587,-1.6427,0.6749,-1.461
H,-0.5344,-0.7569,0.1062,-1.7605,0.2342,-1.037
