AA,P3,P2,P1,P1',P2',P3'
G,1.3988,-0.2364,0.2114,1.2795,0.1482,0.7259
P,1.228,1.1177,0.8224,-1.2953,0.5672,0.5602
A,0.4661,0.2111,0.3813,0.5536,0.06,0.8318
V,0.4525,-0.9695,-1.5539,0.6353,0.0643,0.1717
L,-0.4804,0.0272,-0.2944,0.7693,-0.4541,-0.8097
I,-0.5037,-0.7737,-3.0952,-0.0758,-0.0626,-0.0715
M,-0.0644,0.5135,-1.0711,0.3964,0.4111,-1.9185
F,-0.0301,0.3252,1.1554,0.9815,0.5097,-0.8203
Y,-0.798,-0.3902,0.7797,0.4362,0.227,-0.045
W,-1.2503,-1.258,-1.2586,-1.2389,0.3613,0.355
S,-0.2201,-0.1286,-0.3354,0.2311,-0.0009,0.0798
T,-0.0687,-0.8137,-0.8137,-0.5713,-1.0423,0.436
C,-1.17,-0.5927,-1.1784,-2.1599,-2.1466,-1.1545
N,-0.2288,-0.236,0.3489,-0.8016,0.0204,0.0125
Q,-0.6397,-0.0619,-0.647,-0.6275,0.6085,0.115
D,-1.2154,0.4778,-0.0528,-1.2032,-0.0178,-0.388
E,-1.8016,-1.0015,-0.2239,-2.2036,0.0348,-0.6103
K,-0.4885,0.5034,0.5024,-1.8938,-0.1425,-0.6652
R,-0.6585,0.2273,0.227,-2.4537,-0.4394,-0.8612
H,-1.3603,-0.3677,0.4394,-0.7642,-0.3358,0.2409
