AA,P3,P2,P1,P1',P2',P3'
G,1.0358,1.2158,1.7566,-0.5077,1.4697,1.6373
P,1.8513,-0.1851,-0.0694,-0.9649,-2.1743,-0.9581
A,1.0846,1.2075,0.4709,-2.3384,0.5556,1.3765
V,0.9629,-0.3653,-2.1018,0.4803,0.6448,0.403
L,0.2792,-0.0353,-1.1053,2.3248,-1.6106,-0.6175
I,-0.2222,-2.2285,-1.2281,1.0912,-1.6341,-0.9053
M,-0.1979,0.1176,-1.204,0.5045,0.2546,-1.0742
F,-1.3859,-0.6556,0.1925,0.6042,-0.6468,0.1939
Y,-1.5164,-0.2011,0.0619,0.7958,0.0705,-0.2008
W,-1.3838,-1.3908,-1.3914,-1.3938,-0.3801,0.1993
S,-1.576,-0.4679,-0.2618,-4.1718,-0.2505,-1.1634
T,-2.5241,-0.7241,-1.5315,-2.5336,0.5668,-0.3572
C,-2.3035,-1.3105,-0.7263,-2.3148,-2.3031,-2.3102
N,-1.9473,-0.3688,-0.1465,-2.9566,-1.3585,-1.3656
Q,-0.7732,0.3357,-0.0429,-3.3675,-0.0335,-0.7777
D,-1.3489,-1.3554,0.5513,-1.7733,-1.3442,-0.0292
E,-2.3502,0.2282,0.6433,-2.3585,-0.3441,0.3859
K,-2.6219,-0.0445,-0.4605,-1.3118,-0.1616,-1.3063
R,-1.2774,-0.436,-0.2843,-2.6087,0.8635,-1.28
H,-0.1718,-0.9156,-1.5008,-1.5041,0.315,-0.9148
