AA,P3,P2,P1,P1',P2',P3'
G,-0.3959,-0.3957,0.6046,-0.3967,-1.3962,0.6041
P,0.9848,-1.3371,-0.3369,-0.3393,-1.3397,-1.3392
A,-0.4891,0.8331,0.5115,-1.4904,0.5157,-1.4826
V,1.0672,-1.2543,-1.2538,-1.2566,-1.2576,-1.2582
L,-0.41,-0.4096,-1.9943,0.3248,-0.9984,-0.4136
I,0.2041,-0.7955,-0.7951,1.2022,0.2005,-0.801
M,1.2284,1.2286,0.229,1.9375,0.3522,1.352
F,-0.5446,0.4554,-0.5445,-0.5478,0.4508,0.4503
Y,-0.0902,-0.0901,0.9098,-0.0931,0.9051,-0.0964
W,1.0425,2.0421,1.0415,1.0391,2.0394,1.0406
S,0.8503,-1.7353,-0.1507,0.5831,-0.7378,-0.1522
T,-1.0978,-0.0985,-0.0985,-1.1007,0.4838,0.8992
C,0.1228,0.1225,0.1217,0.1181,0.1165,0.116
N,-0.521,-0.5208,1.0641,0.4764,-0.5239,0.4757
Q,0.0681,1.0683,-0.9318,1.0655,1.3861,0.6485
D,-0.9226,0.0775,-0.9226,-0.9253,-0.9247,0.0751
E,-1.5089,-0.5087,-0.5087,-1.5105,-1.5095,-0.5097
K,-1.1957,0.3885,0.3875,-0.2008,0.7986,-0.202
R,-1.1731,-0.173,-1.1733,-1.1758,0.4086,-0.1756
H,-0.0675,0.9324,2.2541,-0.0712,-0.0728,0.9265
