AA,P3,P2,P1,P1',P2',P3'
G,0.4235,-0.1612,-1.1609,-1.1622,-0.1617,-1.1614
P,0.4823,-1.1026,-0.1024,-0.1048,-1.1052,-1.1047
A,-0.2546,0.3306,0.3309,-1.2559,0.3351,-0.2482
V,0.5647,-1.0198,-1.0194,-0.0222,-1.0231,-1.0237
L,-0.1755,-0.1752,-1.7598,0.5592,-1.7639,-1.7641
I,-0.5614,-0.561,-0.5606,1.0216,-0.5651,-0.5665
M,1.4629,1.4631,0.4635,0.587,1.5867,1.5865
F,-0.3102,-0.3101,-0.31,-0.3134,-0.3147,-0.3153
Y,0.1443,0.1443,1.1443,0.1413,0.1395,0.138
W,1.2769,1.2766,1.276,1.2736,2.2739,1.275
S,0.8217,-1.5009,0.0837,0.4957,-0.5034,-0.5027
T,-0.8634,0.136,0.136,-0.8662,0.1333,1.1336
C,0.3573,0.3569,0.3562,0.3526,0.3509,0.3505
N,-0.2865,-0.2863,0.7136,0.7108,-0.2895,-0.2898
Q,-0.6975,0.8877,-0.6974,0.8849,1.8836,0.883
D,-0.6882,1.312,0.3118,-0.6908,-0.6902,0.3096
E,-1.2744,-1.2743,0.3107,-1.2761,-1.2751,-0.2753
K,-0.9612,0.6229,0.622,-0.9663,0.618,0.0325
R,-0.9386,-0.9385,-0.9388,-0.9413,-0.9419,0.6438
H,0.167,0.1669,1.1666,0.1633,0.1617,1.161
