AA,P3,P2,P1,P1',P2',P3'
G,-1.6285,-0.5973,0.372,0.0183,-1.5661,-1.5975
P,1.8896,-1.5387,-0.5695,-1.5092,-0.5096,-1.5408
A,0.2782,0.3095,0.2788,-0.0753,-0.0693,0.3157
V,0.0976,0.129,-1.4865,-1.4265,0.5725,-0.4598
L,-0.6426,0.3887,-2.2269,1.0029,-2.1683,0.6071
I,-1.0285,-0.9971,-1.0278,-0.9677,-0.9695,-1.0026
M,0.9957,1.027,-0.0037,0.1826,0.1823,0.1504
F,0.2227,-0.7462,-0.7771,0.8672,0.2809,0.2486
Y,-0.3228,-0.2918,0.6772,-0.263,1.7351,0.7019
W,0.8098,0.8405,0.8089,0.8692,1.8695,0.8389
S,0.3546,-1.937,-0.3834,-0.3238,-1.9078,-0.9388
T,-1.3305,-1.3001,0.2538,-1.2706,-0.2711,1.2825
C,-0.1099,-0.0792,-0.1109,-0.0518,-0.0535,-0.0856
N,-0.7537,0.8625,0.8314,1.3064,-0.6938,-0.7259
Q,-0.1646,1.1886,0.4205,1.2175,0.8942,-0.138
D,-1.1553,-0.1241,-1.1553,-1.0952,-1.0946,-1.1265
E,-0.1566,-0.7104,0.2586,-1.6805,-1.6795,-0.7114
K,-1.4283,0.1868,0.5699,-0.3707,0.6286,-0.4036
R,-1.4057,0.6254,0.179,-0.3457,1.4611,0.6227
H,0.6998,0.7308,1.6995,-0.2411,0.7573,1.3098
