AA,P3,P2,P1,P1',P2',P3'
G,-1.5416,-0.5414,2.5383,-1.9492,-2.5005,2.3666
P,3.1021,0.9095,0.3167,-3.4768,-1.1221,-1.0876
A,0.7575,0.6134,0.3577,-0.306,-0.1292,1.2543
V,-0.593,0.0594,-1.8227,0.5128,0.6381,-0.1587
L,-0.6812,0.3191,-3.1481,1.6727,-0.7808,-2.069
I,-0.6196,-0.9412,-1.3639,1.3126,-0.0965,-1.2864
M,-1.9173,0.6679,-0.9248,2.0224,-0.1672,-0.7184
F,-2.6903,-1.1053,-0.6983,0.8996,-0.0685,-1.6201
Y,-2.2358,0.3492,-1.244,0.9393,-0.6143,0.1551
W,-1.1032,-0.1035,-1.1123,-0.0984,0.52,-1.0298
S,-1.5584,0.119,-0.0821,-1.2913,-0.5203,-0.1071
T,-2.2435,-1.6592,-1.2523,-1.2382,0.3795,-0.5863
C,-2.0229,-2.0232,-0.4471,-2.0194,-1.9879,-1.9543
N,-2.6667,-0.3445,-0.0897,-1.6611,0.5417,-2.5947
Q,-0.7557,0.7299,-0.7637,-0.487,0.8667,-1.4218
D,-1.0683,-2.0682,-1.0764,-2.0628,-0.7071,0.4642
E,-1.6545,-2.0694,-0.2031,-2.0631,-0.8065,-0.4102
K,-3.3414,0.3583,-0.5439,-1.3383,0.6011,-1.6874
R,-2.3187,0.5882,-0.5198,-1.7283,1.3631,-2.246
H,-0.2132,-0.6283,-1.2217,-0.2087,0.6302,-0.5589
