AA,P3,P2,P1,P1',P2',P3'
G,-0.8061,0.9792,1.1009,-1.9055,-0.8461,1.3921
P,1.9206,-1.5811,-0.0392,-4.755,-3.8486,-2.8978
A,0.7053,1.4643,1.0779,-1.1248,-0.0236,1.1722
V,1.2203,-0.6164,-2.1786,0.4569,1.1211,0.4232
L,0.1837,-0.8922,-2.071,2.0269,0.1932,-1.6078
I,1.0449,-1.0395,-2.1673,1.908,1.2401,-0.8777
M,0.5431,-0.6852,-0.1215,1.1656,0.5364,-0.51
F,-0.5339,-1.3329,-1.1031,0.504,0.195,-0.3225
Y,-0.7469,-0.8785,-0.7518,0.5246,-0.0029,-0.5823
W,-1.2867,-2.1612,-0.0897,0.0828,0.016,-0.7322
S,-1.2058,0.8072,0.2271,-1.8508,-0.3144,0.7711
T,-0.8878,-1.0455,-0.7077,-1.5857,0.4604,0.2705
C,-0.814,-0.5784,-1.0094,-0.1683,-1.7143,-2.8411
N,-0.784,0.1283,1.6171,-1.8101,-0.0328,0.4428
Q,-0.9573,0.5151,-0.1005,-0.339,0.4298,-0.353
D,-3.6668,-0.8528,0.3473,-4.1711,-2.6965,-0.0105
E,-2.4457,-0.5511,0.13,-2.8819,-0.9828,-0.7267
K,-1.7699,-0.078,-0.5588,-1.5722,0.6543,-0.2007
R,-2.8018,0.0387,-0.8757,-3.8911,-0.9628,-2.8918
H,-0.0747,-0.7405,0.4225,-2.6796,-0.1487,-1.0978
