AA,P3,P2,P1,P1',P2',P3'
G,0.2256,0.6408,0.6412,-1.3602,-1.3222,0.2256
P,2.1588,-1.3006,-0.3004,-1.3027,-1.2657,-1.3026
A,-0.4526,-0.4523,0.133,-0.4539,-0.4103,0.1388
V,-0.2182,-1.2178,-1.2173,-1.2201,0.4014,-1.2217
L,-0.9584,0.0419,-0.9577,0.8467,-0.9244,-0.3771
I,-0.7594,0.826,-0.7586,0.2387,-0.7255,-0.7644
M,0.2649,1.2652,0.2655,0.389,1.4262,0.3886
F,-0.5081,-0.508,-0.5079,1.8106,0.5248,-0.5132
Y,-0.0536,-0.0536,0.9464,-0.0566,-0.0209,-0.0599
W,1.079,1.0787,1.078,1.0756,2.1134,1.0771
S,0.6238,-0.1139,-0.6992,-0.7023,0.6581,-0.7006
T,-1.0613,-1.062,-1.062,-1.0642,-1.0272,1.5206
C,0.1593,0.159,0.1583,0.1547,0.1905,0.1526
N,-0.4845,-0.4843,1.1006,0.5129,-0.4499,-0.4878
Q,-0.8954,0.1048,0.6896,0.687,1.4601,0.6851
D,-0.8861,0.114,-0.8861,-0.8887,0.1493,-0.8883
E,-1.4723,-0.4722,-0.4722,-1.474,-1.4355,0.1117
K,-1.1592,0.425,0.424,-1.1643,-0.1274,-0.1655
R,-1.1365,-0.1365,-0.1368,0.8608,-0.1024,-0.1391
H,-0.031,0.9689,1.5536,-0.0346,0.0012,0.963
