AA,P3,P2,P1,P1',P2',P3'
G,0.5729,1.3629,1.8369,-0.7494,1.3624,1.6639
P,1.9354,-0.2159,0.1336,-0.6919,-0.8035,-0.3879
A,1.5458,1.4848,1.2133,0.7419,0.9263,1.513
V,0.036,-0.7181,-0.985,0.4976,0.2172,-0.137
L,-0.072,-0.2885,-2.4624,1.1786,-0.8772,-0.5238
I,-1.2421,-1.5223,-2.8482,0.1491,-0.1478,-1.2647
M,-2.8028,0.1799,-0.2392,-0.7006,-1.1116,-1.1118
F,-1.9909,0.4067,-0.5976,0.0995,-0.276,-0.5985
Y,-2.1214,-0.1389,-0.8213,1.0237,0.0262,0.3142
W,-0.9888,-1.0066,-1.0116,-0.429,-0.4244,-1.0082
S,-0.6785,-1.3247,-0.9815,-0.622,-0.1427,-0.0855
T,-0.8071,-0.8253,-0.6922,-0.6944,-0.1499,0.1723
C,-0.5865,-0.9263,0.5281,0.8724,-0.6104,-1.3478
N,-0.9672,-0.5696,0.7479,-0.7694,-0.7653,-1.573
Q,-0.5037,0.4118,-0.985,-0.8177,0.1028,-0.9852
D,-1.6319,-0.8013,-1.3908,0.0216,-0.6515,-0.8037
E,-1.7327,-0.5575,-0.655,-1.5636,-0.8579,-0.7511
K,-0.6419,0.2142,0.5568,-0.084,0.5572,-0.5503
R,-1.3969,-1.6368,-0.0565,-2.2289,-0.4178,-1.417
H,-1.0987,-0.309,-0.3136,-0.8024,-0.7996,-0.8003
