AA,P3,P2,P1,P1',P2',P3'
G,-0.8465,-0.8286,-0.846,-1.3967,-0.8468,0.3936
P,-0.0508,-1.355,0.2125,-2.3393,-0.7904,-1.3571
A,1.2826,0.9527,1.5633,-0.9054,0.065,0.3068
V,1.1691,0.3127,-1.2894,2.2669,1.6137,-1.2761
L,0.1394,0.3094,-1.0299,0.3248,-0.7121,-0.4315
I,-0.2465,-0.2285,0.1693,-0.2128,0.4868,0.7661
M,0.7777,1.5326,-0.8066,0.9375,-0.6834,0.3341
F,-0.5803,0.4375,0.0049,0.4522,-0.5848,0.0173
Y,0.4592,-1.108,0.8742,-1.0931,-1.1306,-1.1143
W,0.0068,0.0242,0.0059,0.0391,0.0038,0.0227
S,0.2297,-0.7533,-2.7713,0.4311,-0.1885,1.3324
T,0.4515,-2.1164,0.1878,0.4843,0.4482,-0.1188
C,-0.9128,0.1045,-0.9139,-0.8819,-0.9192,1.0981
N,-1.5566,0.0462,-0.5565,-1.5236,-1.5595,0.4578
Q,-1.9675,1.5098,0.3545,-0.9345,0.0285,0.0457
D,-0.9582,-0.3554,-0.9583,0.0747,-1.9603,-0.3578
E,-2.5445,-0.5266,-2.5444,-1.5105,-0.2232,-2.5277
K,-1.2313,-1.2144,0.3519,-2.2008,-0.6521,-0.6349
R,-1.2087,-0.606,0.7911,-1.1758,0.9579,-2.1935
H,0.8969,-0.0855,1.4815,-1.0712,0.8916,0.4935
