AA,P3,P2,P1,P1',P2',P3'
G,0.174,-0.5425,0.5934,-0.2484,0.392,0.8709
P,0.4222,-0.0586,-3.6149,-5.6173,1.3935,1.0466
A,0.0028,0.483,0.7881,0.5354,0.1684,-0.3627
V,0.3402,0.6594,-3.2099,0.02,0.4186,0.5569
L,-0.3753,0.3142,-0.846,-0.6313,-0.6325,-0.3168
I,0.4329,0.2859,-3.4881,-0.4319,-0.1706,0.6271
M,-0.0346,0.2744,0.4746,-0.0186,-0.0189,-0.2199
F,0.0992,0.5369,0.6038,-0.182,-0.5792,-0.6522
Y,-0.5458,0.6338,0.2757,-0.2836,-0.2855,-0.6684
W,-0.8987,-0.234,0.6704,-3.2389,0.2208,-1.6469
S,-0.5715,-0.5196,0.2151,-0.2354,-0.4612,-0.9651
T,-0.1514,-0.2453,-2.3765,0.6213,-0.3347,0.3272
C,-3.1402,-1.3463,-2.5713,-3.1599,-3.1615,-1.8344
N,-0.2605,-0.3375,0.9825,-0.8016,-0.895,-0.5487
Q,-0.025,0.982,0.434,-1.6275,-0.0044,-0.6238
D,-0.6621,-0.7392,1.0088,2.4478,0.2892,-0.2431
E,-0.7719,-0.3254,0.6395,0.7193,0.5875,0.3878
K,0.9842,-0.7722,-1.388,-2.3089,-0.4794,0.1403
R,0.5181,-2.2792,-0.0937,-1.9943,-2.1324,-2.1261
H,-0.0086,0.1798,0.7835,-0.7642,-0.8913,-0.6455
