AA,P3,P2,P1,P1',P2',P3'
G,0.2056,-0.6687,0.3316,-0.4473,-1.2541,2.0681
P,-0.8732,-1.6101,-0.6099,-3.1973,-1.1977,-1.6122
A,0.6529,1.5112,0.8234,1.937,0.7452,1.1188
V,0.9748,-0.1123,-1.1118,0.9729,1.0544,0.0537
L,0.054,0.3173,-3.8523,0.3148,0.1436,-1.5346
I,0.6681,0.3465,-1.0681,-0.0708,1.3425,-0.337
M,0.3704,1.3706,1.1784,-0.5055,0.8162,0.079
F,1.1824,-0.0806,-0.0805,-0.4058,0.1778,-0.8227
Y,1.3738,-1.9481,0.8592,0.8562,0.8544,-0.3694
W,-0.8155,-0.8158,-0.8165,-0.8189,-0.8186,-0.8174
S,-1.0077,-1.0084,-0.5937,-0.5968,-1.2739,-1.5951
T,0.2141,-0.3715,-0.9565,-0.9587,0.2108,-0.6369
C,-1.7352,0.5864,-1.7362,-1.7399,-0.1566,-1.7419
N,-0.379,-0.0569,-0.7939,-0.0597,0.2031,-0.3823
Q,-0.7899,1.1172,0.5321,0.3774,-0.2089,0.013
D,-0.4587,0.2195,-1.1957,-1.1983,-1.7826,-0.4609
E,-0.5595,-1.0448,2.1569,-1.0466,-1.0456,0.3327
K,-1.0537,-1.4695,-3.0554,-3.0588,-2.0594,-2.06
R,-2.031,-1.446,-3.0313,-1.0337,0.4251,-0.4486
H,-0.9255,-0.9256,0.0742,-0.3442,-0.9308,0.0685
