AA,P3,P2,P1,P1',P2',P3'
G,-1.0047,-1.0045,1.4552,-2.0055,-0.42,-1.0047
P,0.054,-0.9459,-1.9457,-1.9481,-1.9485,1.9589
A,-0.0979,-1.0976,1.2246,-1.0992,-0.0931,1.2305
V,-0.8635,0.4588,-1.8626,-1.8654,-0.8664,-0.867
L,-1.0188,-1.0185,-1.6031,-2.606,-2.6072,-1.6074
I,0.1803,-0.4043,-1.4039,-1.4066,-1.4083,-1.4098
M,3.2045,1.6198,-0.3798,-0.2563,-0.2566,0.7432
F,1.1685,-1.1534,-1.1533,-1.1567,-1.158,-0.1585
Y,2.301,0.886,-0.699,-0.7019,-0.7038,-0.7052
W,1.4336,0.4333,0.4327,0.4303,0.4306,1.4318
S,-0.3435,-0.0222,0.4628,-1.3476,-0.7617,-1.3459
T,-1.7066,-0.7073,-1.7073,-0.7095,-0.125,0.6123
C,-0.486,0.5136,-0.4871,-0.4907,-0.4923,-0.4928
N,-1.1298,-1.1296,1.6777,-1.1324,-1.1327,0.4519
Q,-0.5407,2.2668,0.7813,0.4567,1.2627,-1.5452
D,-1.5314,-1.5313,-0.5314,3.6359,2.2739,-0.5337
E,-1.1177,-1.1175,-0.5326,-2.1193,1.3411,0.2034
K,-1.8045,-1.8053,-0.8063,-1.8096,-1.8103,-1.8108
R,-0.7819,0.8032,-0.7821,-1.7846,-0.2002,-1.7844
H,-0.6763,0.3236,-0.6767,-0.68,-0.6816,-0.6823
