AA,P3,P2,P1,P1',P2',P3'
G,0.1407,-0.816,-0.6552,-0.3195,-1.2035,2.0963
P,-0.0901,-1.1445,-1.1442,-4.8471,-2.2625,-2.847
A,1.2319,1.6758,0.7041,2.0999,0.0523,0.9638
V,0.2375,0.2379,-1.9543,0.9635,0.8196,-1.5961
L,0.0518,0.1123,-1.5021,1.0186,0.4711,-1.8059
I,0.1558,-0.3033,-2.3029,-0.4982,1.4476,-1.5014
M,0.0425,1.3058,1.0431,0.6521,0.3038,-0.5708
F,1.035,-0.4674,0.1957,-0.5962,-1.2496,-1.2502
Y,1.4464,-1.276,1.0459,-1.016,-0.2808,-2.0193
W,-0.1434,-0.4657,-0.8813,-0.8837,-1.4684,-1.4672
S,-1.3356,-0.8508,-0.9216,-0.7872,-0.7221,0.003
T,-0.2837,-0.9059,-1.6063,-1.2865,0.7834,0.1463
C,-3.385,-0.3853,-0.5787,-2.3897,-0.3913,-1.3918
N,-0.0288,-1.0286,-0.2213,-2.0314,-0.4468,-0.7101
Q,-0.7393,1.1454,0.2608,0.2581,-0.0513,-0.2743
D,-1.4304,-0.9708,-1.4304,-1.6257,-0.973,0.8153
E,-0.2093,0.4098,2.4592,-2.4334,-1.21,0.4743
K,-0.7966,-1.8969,-3.7052,-2.7086,-2.1243,-3.1248
R,-0.6809,-0.6808,-2.0961,-2.3616,1.3158,0.0715
H,-1.2534,-0.9904,-0.5756,0.2284,-0.7732,-1.5813
