AA,P3,P2,P1,P1',P2',P3'
G,-0.2439,-0.2437,-1.2434,0.3403,0.7559,1.7561
P,0.3998,-1.1851,-1.1849,-1.1873,-1.1877,-1.1872
A,0.9848,0.2481,-1.3365,0.9836,-1.3323,-0.3306
V,-1.1027,-1.1023,-1.1018,-1.1046,-0.1056,-1.1062
L,-0.8429,-0.8426,-1.8423,0.9622,-0.2614,-1.8466
I,0.3561,-0.6435,-0.6431,-0.6458,0.3525,-0.6489
M,0.3804,0.3806,0.381,0.5045,0.5042,0.504
F,-0.3926,1.1924,-0.3925,0.6042,0.6028,-0.3977
Y,0.0618,0.0619,0.0619,0.0589,0.0571,0.0556
W,1.1945,2.1941,1.1935,1.1911,1.1914,1.1926
S,0.4173,0.0016,-1.5837,-0.5868,-1.5858,-0.5851
T,-0.9458,-0.9465,-0.9465,-0.9487,-0.9492,0.0512
C,0.2748,0.2745,0.2737,0.2701,0.2685,0.268
N,-0.369,0.6312,0.6311,-0.3716,-0.3719,-0.3723
Q,-0.7799,1.2203,0.2202,0.2175,-0.7839,0.8006
D,-0.7706,-0.7705,-0.7706,-0.7733,-0.7727,-0.7729
E,0.9651,0.6433,2.5502,-1.3585,-0.3575,-0.3577
K,-1.0437,-1.0445,-1.0454,-1.0488,-0.0494,-1.05
R,-1.0211,-1.021,-1.0213,-0.0238,1.783,0.9764
H,0.0845,0.0844,0.0842,0.0808,0.0792,0.0785
