AA,P3,P2,P1,P1',P2',P3'
G,0.0571,-1.7907,-0.1582,-0.5901,-0.4127,2.1726
P,-0.0541,-0.7322,-1.0539,-5.0563,-2.0567,-3.4712
A,0.9437,1.438,1.004,1.4365,0.2581,1.4869
V,-0.0175,-0.9713,-2.9708,1.2162,0.549,-1.8053
L,0.0954,0.4979,-1.8044,0.8557,0.4744,-2.5457
I,-0.0534,-0.7051,-2.9271,-0.3449,1.1273,-1.7106
M,-0.0292,1.797,0.6819,0.8834,0.9571,-1.365
F,1.5457,-0.4542,0.2621,1.1946,-0.9442,-1.6818
Y,1.6191,-0.3477,1.8653,0.8903,-0.0046,-1.0061
W,-1.6745,0.6471,-1.6755,-2.6779,-1.6776,-1.6764
S,-1.0594,-0.2824,-0.6978,-0.5016,-1.0625,-0.0279
T,0.1852,-1.0081,-0.4936,-0.3582,0.4673,-0.5699
C,-2.5942,-0.2726,-2.0103,-1.2769,-0.7932,-2.016
N,-0.0681,-0.9159,-0.6529,-1.6557,0.007,-0.0713
Q,-2.0639,1.2092,0.106,-0.3296,0.1545,0.154
D,-0.4697,-0.7326,-1.0547,-1.6423,-2.0567,-0.1824
E,-0.0966,0.2661,2.0962,-2.2275,0.0214,-0.0975
K,-0.8252,-2.1061,-3.3295,-3.9178,-2.1111,-2.1116
R,-1.3051,-1.0826,-1.1899,-0.7228,0.9395,0.3928
H,-1.4626,-0.6147,-0.1999,-1.2032,-0.3303,-1.2055
