AA,P3,P2,P1,P1',P2',P3'
G,-1.1183,-1.1181,-1.1178,-1.1192,-1.1186,0.4666
P,0.9404,-1.0596,-0.0594,-1.0617,-1.0622,-1.0616
A,0.3734,0.7887,1.374,0.3721,-1.2068,0.3798
V,1.6078,0.0232,-0.9763,-0.9791,-0.9801,-0.9807
L,-0.7174,-0.1321,-0.7167,-0.7196,-1.7209,0.6009
I,-0.5184,-0.518,-0.5176,-0.5203,-0.522,-0.5234
M,0.5059,0.5062,0.5065,0.63,0.6297,1.6296
F,-0.2671,-0.267,-0.2669,0.7297,-0.2716,0.7278
Y,1.1874,0.1874,0.1874,0.1844,1.1826,0.1811
W,1.32,1.3197,1.319,1.3166,1.3169,1.3181
S,-0.4572,0.1271,0.1268,1.7087,1.347,-0.4596
T,-0.8203,-0.821,-0.821,-0.8231,0.1764,-0.8233
C,0.4003,0.4,0.3993,0.3957,0.394,0.3936
N,-0.2435,-0.2433,-0.2434,-0.2461,0.7536,-0.2467
Q,-0.6544,0.9308,-0.6543,0.343,0.3417,-0.6589
D,-0.6451,-0.645,-0.6451,-0.6477,-0.6471,-0.6473
E,-1.2313,-0.2312,-0.2312,-1.233,-1.232,-1.2322
K,-0.9181,0.081,0.0801,-0.9233,0.0761,0.0756
R,-0.8955,0.1045,0.6892,-0.8982,0.1012,0.1019
H,0.21,0.2099,0.2097,0.2064,1.2048,0.204
