AA,P3,P2,P1,P1',P2',P3'
G,-1.5002,-1.4661,-0.4997,0.1526,0.0845,-1.4662
P,0.5585,-1.4075,0.8807,-1.3749,-1.444,-0.4096
A,1.4066,1.2481,1.8666,-1.526,0.4113,0.447
V,0.9629,-0.3247,-0.3582,0.7078,-1.3619,0.2564
L,-1.0993,0.2569,-2.0986,-2.0328,-2.1027,0.7384
I,-0.9002,-0.8659,-0.8994,-0.8334,-0.9039,-0.8713
M,0.1241,1.1582,0.1247,0.3169,0.2479,0.2816
F,-0.649,0.385,0.9362,1.0015,-0.6535,0.3799
Y,-0.1945,-0.1605,-0.1945,-0.1287,0.8007,-0.1668
W,1.9381,0.9717,0.9372,1.0035,0.9351,0.9702
S,-0.2541,-1.8057,-0.2551,0.5475,0.1578,0.7774
T,-1.2022,-1.1689,-1.2028,-1.1363,-0.2055,-1.1712
C,0.0185,0.0521,0.0174,0.0825,0.0121,0.0457
N,-0.6253,-0.5912,-0.6252,-0.5593,-0.6283,-0.5947
Q,-0.0363,1.3198,-0.0362,2.4893,0.5448,0.5782
D,-1.027,-0.9929,-1.027,-0.9609,-1.029,-0.9952
E,-0.6132,-0.5791,-0.6131,-1.5462,-1.6139,-0.5801
K,-1.3,0.3181,-1.3018,-1.2364,1.0161,-1.2724
R,0.7226,-0.2434,-1.2776,-1.2114,1.5266,-0.246
H,-0.1718,0.862,0.8278,-0.1068,0.8229,-0.1439
