AA,P3,P2,P1,P1',P2',P3'
G,-1.2834,-1.2832,0.7171,-1.2842,-0.2837,-0.2834
P,-1.2247,-1.2246,-1.2244,-1.2268,-1.2272,1.5807
A,-1.3766,0.2086,1.4313,-1.3779,-1.3719,0.9518
V,0.4427,-0.1418,-1.1413,-1.1441,-1.1451,-0.1457
L,-0.2975,-1.8821,-1.8818,-1.8847,-1.8859,-1.8861
I,-0.6834,-0.683,-0.6826,-0.6853,-0.6871,-0.6885
M,2.9258,1.3411,0.3415,0.465,0.4647,0.4645
F,0.5678,-0.4321,-0.432,-0.4354,-0.4367,-0.4373
Y,2.6073,1.6073,0.0223,0.0194,0.0175,0.016
W,1.1549,1.1546,1.154,1.1516,1.1519,1.153
S,-0.6222,-0.6229,-0.0383,-1.6263,-0.6254,-0.0397
T,-0.9853,0.014,-0.986,0.0118,0.0113,-0.9884
C,0.2353,0.2349,0.2342,0.2306,0.2289,0.2285
N,-0.4085,-0.4083,0.5916,-0.4112,-0.4114,1.1732
Q,-0.8194,1.9881,-0.8194,-0.822,1.1766,-0.8239
D,-0.8101,-0.81,-0.8102,3.2747,1.7728,-0.8124
E,-0.3964,-1.3962,-0.3963,-1.3981,1.1879,-0.3973
K,-1.0832,-1.084,0.5,-1.0883,-1.089,-1.0895
R,-1.0606,0.9395,0.5241,-1.0633,-0.0639,-1.0631
H,0.045,0.0449,0.0446,0.0413,0.0397,0.039
