AA,P3,P2,P1,P1',P2',P3'
G,-1.2834,-1.2832,-0.3214,-1.2842,-1.3222,-1.2834
P,1.5827,-1.2246,-1.2629,-1.2268,0.3193,-1.2267
A,0.9453,0.9456,1.5855,0.6221,0.1746,-0.3702
V,1.4427,1.1801,-1.1798,-1.1441,0.4014,0.4392
L,-1.8825,0.1179,-1.9203,-0.2997,-0.3394,0.9212
I,-0.6834,-0.683,-0.7211,-0.6853,-0.7255,-0.6885
M,0.3409,0.3411,0.303,0.465,0.4262,0.4645
F,0.5678,0.5679,-0.4705,-0.4354,-0.4752,-0.4373
Y,0.0223,0.0224,1.5688,0.0194,-0.0209,0.016
W,1.1549,1.1546,1.1155,1.1516,1.1134,1.153
S,-1.6222,-1.6229,0.6602,1.3737,1.3362,-0.0397
T,-0.9853,-0.986,-1.0245,0.0118,-1.0272,-0.9884
C,0.2353,0.2349,0.1957,0.2306,0.1905,0.2285
N,-0.4085,-0.4083,-0.4469,-0.4112,-0.4499,-0.4118
Q,-0.8194,-0.8193,-0.8578,1.4999,-0.8619,0.1761
D,-0.8101,-0.81,-0.8486,-0.8128,-0.8507,-0.8124
E,-1.3964,-1.3962,-1.4347,-1.3981,-1.4355,-1.3973
K,-1.0832,-1.084,-1.1235,-1.0883,0.4575,-0.0895
R,-0.0606,0.9395,-0.0993,-1.0633,-1.1024,1.2588
H,0.045,1.6298,2.0062,0.0413,1.0012,0.039
