AA,P3,P2,P1,P1',P2',P3'
G,-1.0047,-0.9806,-0.4192,-0.9574,-1.005,0.8027
P,0.376,-1.9221,0.3762,-1.9,-1.9485,-0.948
A,1.072,0.5112,1.3621,-1.0511,-0.0931,-0.0915
V,0.7214,0.4827,-0.8626,1.7676,1.4555,-0.282
L,-1.6038,-0.2576,-2.6031,0.0271,-0.6072,-1.6074
I,0.1803,0.2045,0.5961,0.2265,0.9136,0.9122
M,0.6196,1.2286,1.2051,1.7918,-0.2566,0.7432
F,0.4315,-1.1295,-1.1533,-0.1086,-1.158,0.4264
Y,0.886,-0.6751,0.301,-0.6538,0.2962,-0.7052
W,0.4336,0.4572,0.4327,0.4784,0.4306,0.4318
S,0.2415,-0.7353,-2.3445,-0.7146,-1.3467,1.3545
T,-0.7066,-1.6835,0.8777,-0.0764,-0.125,0.6123
C,-0.486,-0.4625,-0.4871,-0.4426,-0.4923,1.0922
N,-1.1298,0.4792,-1.1297,-1.0844,-0.1327,-1.1331
Q,0.0442,1.8052,0.0443,1.3121,0.0403,-1.5452
D,-1.5314,-0.5074,-1.5314,-1.486,-1.5335,0.0513
E,-1.1177,0.2282,-1.1175,-2.0712,-1.1184,-2.1186
K,-0.8045,-0.1965,0.1937,-0.7615,1.1897,-0.8108
R,-1.7819,-0.758,-0.1972,0.5855,0.7998,-1.7844
H,1.9086,0.3474,1.9083,-0.6319,0.3184,-0.6823
