AA,P3,P2,P1,P1',P2',P3'
G,-0.011,-1.0675,0.3323,-0.7248,0.2951,0.2969
P,0.2283,-0.0596,-3.876,-3.8769,0.9931,0.5842
A,0.4152,0.4243,0.7797,0.2758,0.6646,0.4242
V,0.3108,0.755,-3.208,-1.3348,0.1117,0.5633
L,-0.1246,0.176,-1.0416,-1.6768,-1.3661,-0.0268
I,0.2671,0.067,-3.3343,-1.528,-0.6933,0.7715
M,-0.5932,0.5062,0.8598,-1.3777,-0.1854,-0.0966
F,0.1813,0.2832,0.4399,-1.7635,-0.0424,-0.5622
Y,-0.6122,0.3343,0.4151,-1.4608,-0.0476,-0.4626
W,-0.4795,-0.0283,0.0873,-2.4985,0.2022,-0.6881
S,-0.5843,-0.5372,0.2009,-0.4691,-0.575,-0.2732
T,-0.128,-0.0136,-1.9372,-0.4684,-0.1152,0.3404
C,-2.3992,-2.0854,-0.958,-3.4195,-1.4211,-1.42
N,-0.1361,-0.1926,0.8226,-0.6018,-0.3611,0.0271
Q,-0.132,0.6677,0.4116,-2.1502,0.0811,-0.4281
D,-0.2352,0.3291,0.8958,2.9925,0.4204,-0.3734
E,-0.1001,0.4693,1.0711,1.7528,1.0718,0.0835
K,0.6399,-1.4784,-1.0928,-3.4165,-1.0952,-0.3457
R,0.1378,-2.7028,-0.3549,-4.7134,-3.714,-3.3897
H,-0.0659,-0.0739,0.6024,-1.4389,-0.2181,-0.4396
