AA,P3,P2,P1,P1',P2',P3'
G,0.0192,0.0194,-0.9803,-0.9817,-0.9811,0.0192
P,-0.9221,-0.9221,-0.9219,-0.9242,-0.9247,-0.9241
A,-1.0741,-1.0738,-0.0735,-0.0753,-1.0693,-0.0676
V,0.1603,0.1607,-0.8388,-0.8416,-0.8425,0.1568
L,-1.5799,0.0054,-0.5792,1.0029,0.4166,-0.5835
I,-0.3808,-0.3805,-0.3801,-0.3828,-0.3845,-0.3859
M,1.6434,0.6437,1.644,0.7675,0.7672,0.7671
F,0.8704,-0.1295,-0.1294,-0.1328,-0.1341,-0.1347
Y,1.3249,0.3249,1.3249,0.3219,0.3201,0.3186
W,1.4575,1.4572,1.4566,1.4541,1.4544,1.4556
S,-1.3197,-0.3203,-0.3207,0.2612,-0.3228,0.2629
T,0.3172,-0.6835,-0.6835,-0.6856,0.3139,0.8992
C,0.5378,0.5375,0.5368,0.5332,0.5315,0.5311
N,-0.106,-0.1058,0.8941,-0.1086,-0.1089,0.8908
Q,0.4831,1.8052,1.0682,0.4805,0.4792,-0.5214
D,-0.5076,-0.5074,0.4924,0.4898,-0.5096,-0.5098
E,-0.0938,-1.0937,-0.0937,-1.0955,-1.0945,-0.0947
K,0.2194,0.2185,-0.7824,-0.7858,0.7986,-0.7869
R,-0.758,-0.758,-0.7583,-0.7607,0.8236,-0.7606
H,1.3475,0.3474,0.3472,0.3439,0.3423,0.3415
