AA,P3,P2,P1,P1',P2',P3'
G,-1.2834,0.3018,0.3021,-1.2842,-1.2837,-1.0739
P,-1.2247,0.7754,0.7756,-1.2268,-1.2272,-1.0172
A,-0.3766,-1.3763,-0.376,-1.3779,-1.3719,-1.1607
V,-1.1422,-1.1418,-1.1413,0.8559,0.4399,0.0637
L,-0.2975,-0.2972,-0.8818,-0.2997,0.1141,-0.0917
I,1.3166,0.9019,-0.6826,0.8996,0.3129,-0.479
M,0.3409,1.9261,0.3415,0.465,1.4647,2.2589
F,1.1528,1.1529,-0.432,1.8866,-0.4367,-0.2278
Y,1.0223,0.0224,1.0223,2.0194,0.0175,0.2255
W,2.7399,1.1546,2.739,2.7365,2.7368,1.3625
S,-1.6222,-0.6229,-1.6232,-1.6263,-1.6254,-1.4152
T,-0.9853,-0.986,-0.986,-0.9882,-0.9887,1.2211
C,0.2353,0.2349,0.2342,0.2306,0.2289,0.438
N,-0.4085,-0.4083,-0.4084,-0.4112,1.1735,-0.2024
Q,0.1806,-0.8193,0.1806,-0.822,0.7616,-0.6145
D,-0.8101,-0.81,0.7748,-0.8128,-0.8122,-0.6029
E,-1.3964,-1.3962,0.1887,-1.3981,-1.3971,-1.1878
K,-1.0832,-1.084,-0.085,-1.0883,0.496,0.7049
R,1.5244,0.5244,-0.0608,-0.0633,-0.0639,0.7313
H,0.045,1.0449,0.0446,0.0413,1.0397,0.2484
