AA,P3,P2,P1,P1',P2',P3'
G,0.1712,0.797,1.4005,-1.6597,0.8383,0.8508
P,0.0779,0.1775,0.5156,-3.1873,-2.1052,-0.0925
A,-0.922,-0.1262,-0.5291,-1.3384,-1.2499,-0.4584
V,-1.4246,-1.4767,-1.5169,0.7027,-0.7012,-0.234
L,-0.9425,-0.802,-1.8423,1.0128,0.3235,0.2481
I,0.0342,-1.6029,-2.6431,1.2611,1.0199,-0.3617
M,0.7954,0.7432,0.381,0.5045,1.9086,-0.2087
F,0.8704,0.4554,0.9295,2.8136,0.6853,-1.1104
Y,1.9623,0.4245,1.2318,1.9658,1.5989,0.6648
W,1.2876,0.8197,1.7785,1.9985,0.2739,2.2872
S,-0.9046,0.1577,-0.5837,-2.5868,-0.5034,-0.2978
T,-1.8527,-1.9059,-2.9465,-2.9487,-1.2817,-1.6616
C,0.6898,0.637,1.0811,-1.7299,-1.6491,0.5553
N,0.046,-0.0062,-1.3689,-2.3716,-1.2895,-2.085
Q,-0.3649,0.0683,-0.7798,-2.7825,-0.1164,-0.1752
D,-1.0925,-0.1449,0.3993,-2.7733,0.1172,-0.4856
E,-0.9418,-0.7311,-1.0348,-2.3585,-1.2751,-0.7485
K,-0.1432,0.3181,-0.4605,-3.0488,-0.967,0.0447
R,1.32,0.827,0.6791,-1.4388,0.38,0.8486
H,0.7626,0.125,0.8915,-0.9192,0.1617,-0.0493
