AA,P3,P2,P1,P1',P2',P3'
G,-1.2439,0.7563,1.564,-1.2447,-1.2441,-0.0281
P,-0.1851,-1.1851,0.4001,-1.1873,-1.1877,0.6135
A,-1.3371,-1.3368,-1.3365,-1.3384,-1.3323,-1.1149
V,-1.1027,-0.1023,-1.1018,0.8954,0.4794,-0.8905
L,-1.8429,-1.8426,-0.2573,0.4768,-0.2614,-0.6309
I,0.9411,0.3565,-0.6431,0.3542,-0.6475,-0.4332
M,0.3804,1.3806,0.381,0.5045,2.5042,0.7198
F,1.1923,0.6074,-0.3925,2.6042,1.6028,2.1399
Y,2.3838,1.0619,1.0619,0.0589,0.0571,1.2713
W,1.1945,1.1941,2.1935,2.1911,1.1914,1.4083
S,-0.5827,-0.5833,-0.5837,-1.5868,-1.5858,-1.3694
T,-0.9458,-0.9465,-0.9465,-0.9487,-0.9492,0.2669
C,1.2748,0.2745,0.2737,0.2701,0.2685,0.4838
N,-0.369,0.6312,-0.3689,-0.3716,0.6281,-0.1565
Q,0.805,1.2203,0.2202,-0.7825,-0.7839,-0.5687
D,-0.7706,-0.7705,-0.7706,-0.7733,-0.7727,0.4429
E,-1.3569,-1.3567,-1.3567,-1.3585,-1.3575,-1.142
K,-1.0437,0.5405,0.5395,-1.0488,-1.0494,-0.8342
R,-0.0211,-1.021,-1.0213,-1.0238,0.9756,-0.8079
H,1.6695,1.0844,0.0842,0.0808,1.6642,0.2942
