AA,P3,P2,P1,P1',P2',P3'
G,-0.2169,-1.8017,-0.2434,-1.8297,-0.8291,-0.7178
P,-0.1582,-1.7431,0.5521,-0.7722,-0.7727,-0.0761
A,-0.8951,-0.3098,-0.3365,-0.3384,-0.9173,-0.2196
V,-0.0757,0.6616,-0.6868,0.8954,0.6314,0.0048
L,-0.4009,-0.4006,-0.1053,0.3772,-0.4314,0.2644
I,1.12,0.7985,-0.2281,1.0912,0.7675,-1.1229
M,-0.1776,-0.1774,-0.204,-0.0805,1.5042,0.0301
F,1.6343,0.0494,1.0226,2.3411,0.6028,0.7133
Y,-0.4962,1.0889,1.4769,1.7958,0.4721,0.5816
W,0.6365,0.6361,2.6086,0.6062,1.6064,1.7186
S,-0.1407,0.4436,-1.1687,-1.1718,-1.1708,-1.0591
T,-1.5038,-1.5045,-0.5315,-1.5336,-1.5341,0.5772
C,1.3018,-0.2835,-0.3112,1.2701,0.6835,0.7941
N,-0.927,-0.9268,-0.9538,-0.9566,1.0431,0.1538
Q,0.2471,0.6623,-0.3648,-1.3675,-1.3688,-1.2583
D,0.2563,-0.3285,-0.3556,-1.3582,-1.3576,-0.2468
E,-0.9149,-0.3297,-0.3567,-1.9435,-0.3575,0.1683
K,-1.6017,0.3975,-0.6304,-1.6338,-0.0494,-1.5239
R,0.0059,0.006,-0.0213,-1.6087,0.3907,-0.4975
H,1.1115,1.1114,1.0842,-0.5041,1.4943,1.6046
