AA,P3,P2,P1,P1',P2',P3'
G,-0.2834,-2.2832,-1.2829,-2.2842,-1.2837,-1.2638
P,-1.2247,-0.2246,-0.6395,-2.2268,-2.2272,-0.6221
A,0.4307,-0.7914,-2.376,-2.3779,-0.7869,-1.3505
V,-0.5573,-1.1418,-0.1413,-2.1441,-0.5601,0.4589
L,-0.5605,-0.8821,-0.8818,-2.8847,-0.301,-1.2815
I,-0.6834,-1.683,-0.6826,-1.6853,-0.6871,-0.6688
M,0.3409,0.3411,0.9264,-0.535,0.4647,0.4841
F,-0.4322,-0.4321,-1.432,-1.4354,1.1483,-1.4176
Y,-0.9777,0.0224,0.6073,-0.9806,0.0175,0.0357
W,0.1549,1.1546,1.154,0.1516,1.1519,0.1727
S,-0.6222,1.4646,1.5467,-2.6263,1.4621,1.0954
T,-1.9853,-0.4011,0.014,-1.9882,0.3332,-0.9687
C,-0.7647,-0.7651,-0.7658,-0.7694,-0.7711,-0.7519
N,-0.4085,-0.4083,-1.4084,-1.4112,-1.4114,1.1928
Q,-0.2345,-0.2343,-0.2344,-1.822,-0.8234,-0.2193
D,1.8903,0.9973,1.5118,3.5091,0.5097,0.7922
E,-0.0745,0.4111,-0.0743,1.6019,0.6029,-0.0557
K,-0.0832,-2.084,-1.085,-2.0883,-1.089,-2.0699
R,-0.4756,-0.0605,-1.0608,-2.0633,-2.0639,0.5414
H,2.2149,1.6298,0.6296,-0.9587,0.6247,1.6436
