AA,P3,P2,P1,P1',P2',P3'
G,-1.2638,0.3214,0.7745,0.4107,0.6038,0.0385
P,-0.6201,-1.205,-0.3369,-1.3393,-2.3397,0.0952
A,-2.357,-2.3567,-0.9035,0.0946,-1.4843,-0.7852
V,1.9649,1.1997,-1.2538,0.5507,1.3274,0.6616
L,-0.5409,-0.5406,-0.6723,-0.4122,-0.1911,-1.3011
I,0.9212,-0.6634,-1.7951,0.7872,0.5224,-0.6885
M,0.3605,0.3607,-0.771,1.3525,1.3522,-0.5355
F,0.1724,1.5875,1.6255,1.7741,-0.5492,1.7327
Y,0.0419,0.042,2.2318,-1.0931,-0.0949,0.016
W,0.1746,0.1742,0.0415,0.0391,0.0394,0.153
S,-1.6026,-2.6032,-1.1507,-0.4169,0.0695,-1.0397
T,-1.9657,0.841,0.7089,-0.5157,-1.1012,1.0116
C,0.2549,-0.7454,0.1217,-0.8819,-0.8835,-0.7715
N,-0.3889,0.6113,-1.5209,-1.5236,-0.5239,-0.4118
Q,1.2002,0.7853,-0.9318,-0.9345,0.8715,0.9834
D,-1.7905,-1.7904,-0.3377,-1.9253,-0.3397,0.1876
E,-1.3768,-0.7917,-2.5087,-2.5105,-0.9246,-0.8123
K,-0.4786,-0.4794,0.6099,0.6066,-1.2014,0.4955
R,0.7664,0.281,0.8267,0.8242,0.1456,-2.0631
H,0.6496,0.6495,-1.0678,-1.0712,0.9272,-0.961
