AA,P3,P2,P1,P1',P2',P3'
G,-0.1855,-0.1853,-0.9923,0.9373,1.1184,0.5724
P,-1.9341,-1.934,-0.9338,-2.9122,-2.9126,-0.5408
A,-1.086,-2.0858,-1.0854,-0.4783,-0.7353,-0.6843
V,1.6719,0.4707,-0.8508,-1.2445,-0.0231,-0.1379
L,-1.27,1.6564,-0.7839,0.8894,-0.5713,-0.0303
I,-2.3928,-1.3924,-2.392,-2.3707,0.2125,-0.4176
M,-1.3685,-0.3683,-1.3679,-1.2204,-1.2207,-0.8496
F,0.4434,0.6659,1.8586,2.2012,0.878,1.2486
Y,-0.1021,-0.6871,0.6348,0.6559,0.9171,1.2869
W,-0.5545,-0.5548,-0.5554,-0.5338,0.4665,-0.1611
S,-0.1617,-0.0104,-0.5253,-1.7267,-0.3107,-0.1314
T,-0.1098,-0.3735,-1.1105,-2.6736,-0.674,-0.3025
C,1.9853,0.8474,1.1098,0.1302,-0.4564,0.9144
N,-2.1179,0.4672,-2.1178,-2.0965,-1.0968,-0.7259
Q,-0.9439,-0.5287,-0.2069,-0.5074,-0.1868,-0.138
D,-1.5196,-0.9345,-0.1976,-2.4981,-2.4975,-0.5415
E,-1.1058,-0.7837,-1.1057,-3.0834,-2.0824,0.096
K,-0.4707,-1.2085,-0.4725,-0.4518,0.033,-0.4036
R,1.5519,-1.7699,2.1366,1.2514,1.8357,-0.3773
H,1.1429,0.6574,1.3352,1.5259,-0.0607,0.3098
