AA,P3,P2,P1,P1',P2',P3'
G,0.1785,1.1222,-6.5247,-0.0685,0.7275,0.5253
P,-0.7477,0.4514,-6.4662,-3.8691,-0.5237,0.1596
A,0.2569,0.8155,-6.6178,0.5945,0.6201,0.1027
V,0.3497,-0.2763,-6.3831,-0.1816,0.3141,0.4735
L,0.0208,-0.0617,-7.1236,-0.8265,0.2791,-0.3184
I,0.0666,-0.7524,-5.9244,-0.0797,0.5286,-0.3476
M,-0.2435,-1.4938,-4.9003,0.2377,-0.0621,-0.0487
F,0.1603,0.3179,-5.6737,-0.1391,-0.2045,-0.403
Y,0.0018,0.3891,-5.2194,-0.3499,0.1478,0.2942
W,0.1344,-0.3018,-4.0878,-0.4907,0.0945,-0.3602
S,0.224,0.2203,-6.865,0.5976,-0.3608,-0.1241
T,0.7269,-0.6193,-6.2278,0.244,-0.0261,0.0459
C,-0.2288,-0.2215,-5.0075,0.9341,-0.2434,-0.1778
N,0.0381,-0.611,-5.6502,0.0895,-0.2812,-0.1019
Q,0.1387,0.1324,-6.0611,-0.7274,-0.3227,0.2292
D,-0.2457,-1.1089,-6.0519,-0.6825,-0.2846,0.0183
E,-2.112,-2.3052,-6.638,-3.4554,-1.9805,-1.2186
K,-0.2604,0.081,-0.4441,1.0595,-0.5883,-0.1133
R,0.2065,-0.3105,4.067,0.9949,0.2938,0.4236
H,-0.478,-1.527,-5.1971,-0.2791,-0.4871,-0.1303
