AA,P3,P2,P1,P1',P2',P3'
G,-0.0512,0.2038,-0.6382,-0.2447,0.1979,-0.8288
P,-1.9925,1.3999,-2.1647,-1.7722,-0.7457,0.2279
A,0.8556,0.5961,1.6837,0.0767,0.1097,-0.3306
V,0.4119,0.0232,1.5033,0.6323,-0.0786,0.6308
L,-0.6503,-0.3951,-0.0147,-0.1082,0.403,-0.4315
I,-1.4512,-0.518,0.3771,-1.2307,-1.2055,-0.2339
M,0.573,0.5062,-0.5988,0.9195,-0.0538,0.9191
F,-0.2,1.0549,-1.3723,1.0192,1.0448,-0.9827
Y,0.8394,0.1874,1.082,1.0589,1.4991,1.4706
W,0.3871,0.3197,0.2137,0.6062,0.6334,0.6076
S,0.1949,-1.4578,-0.2416,0.4132,-1.1438,0.1518
T,0.2468,-1.821,0.3956,0.0513,-0.5071,-0.5338
C,1.4675,0.985,0.2939,0.6852,1.2954,1.268
N,-0.1763,-1.2433,-1.3487,0.0434,0.655,-0.9572
Q,-0.5873,-0.6542,-0.7597,-0.3675,0.6581,0.2156
D,-1.578,-1.645,-1.7505,-1.3582,-1.3306,-0.3578
E,0.4207,-0.6462,-2.3365,0.0565,-0.3306,0.3792
K,-1.851,-0.334,-2.0253,-0.6338,-1.6074,-0.6349
R,-0.8284,-0.3105,-2.0011,-1.6087,-0.5824,-1.6086
H,1.2771,0.7949,0.1043,0.4959,-0.4788,0.4935
