AA,P3,P2,P1,P1',P2',P3'
G,1.0681,1.0683,-0.9314,0.7028,0.7034,-0.8813
P,-0.8732,0.7118,-0.8729,-0.8247,0.1749,0.7604
A,-0.0251,0.5601,-1.0246,0.0242,0.0302,-0.9681
V,-0.7908,-0.7904,-0.7899,0.258,-0.743,-0.7436
L,-0.531,-1.5307,-1.5303,-1.4826,-0.4838,-1.484
I,-0.3319,-0.3316,-0.3312,-0.2832,-0.285,0.7136
M,0.6923,1.6926,0.6929,0.8671,0.8668,0.8666
F,-0.0807,-0.0806,-0.0805,0.9667,-0.0346,-0.0352
Y,1.3738,0.3738,0.3738,0.4214,0.4196,0.4181
W,1.5064,1.5061,1.5055,1.5537,1.554,1.5551
S,-1.2707,-1.2714,-1.2717,-0.2242,-1.2233,-0.2226
T,0.3661,-0.6346,-0.6345,0.4139,0.4134,0.4137
C,0.5868,1.5864,0.5857,0.6327,0.631,1.6306
N,-0.057,-0.0569,-0.0569,-0.0091,-0.0094,-0.0097
Q,0.532,-0.4678,-0.4679,-0.4199,0.5787,-0.4218
D,-0.4587,-0.4585,-0.4587,-0.4107,-0.4101,-0.4103
E,-1.0449,-1.0448,-1.0448,-0.996,-0.995,-0.9952
K,0.2683,-0.7326,-0.7335,0.3138,-0.6869,-0.6874
R,-0.7091,-0.7091,2.6126,-0.6612,0.3382,0.9239
H,0.3964,0.3963,0.3961,0.4434,0.4418,0.4411
