AA,P3,P2,P1,P1',P2',P3'
G,0.0681,0.0683,-0.9314,-0.9327,-0.9322,1.39
P,-0.8732,0.1268,-0.8729,-0.8753,-0.8758,-0.8752
A,-0.0251,-1.0249,-1.0246,-0.0264,-1.0204,-1.0187
V,0.2092,0.2096,-0.7899,0.2073,1.5283,-0.7943
L,0.054,-1.5307,-1.5303,-1.5332,-0.5345,-1.5346
I,0.6681,0.6684,-0.3312,1.6662,-0.3356,-0.337
M,0.6923,0.6926,0.6929,0.8165,1.8162,0.816
F,0.9193,-0.0806,-0.0805,-0.0839,1.4998,-0.0858
Y,0.3738,0.3738,0.3738,0.3708,0.369,0.3675
W,1.5064,1.5061,1.5055,1.5031,1.5033,1.5045
S,-0.2707,-1.2714,-1.2717,-0.2749,-1.2739,-0.2732
T,-0.6339,1.6874,-0.6345,0.3633,-0.6372,0.3631
C,0.5868,0.5864,0.5857,0.5821,0.5804,0.58
N,-0.057,-0.0569,-0.0569,0.9403,-0.06,-0.0603
Q,0.532,0.5322,-0.4679,-0.4705,-0.4719,-0.4725
D,-0.4587,-0.4585,-0.4587,-0.4613,-0.4607,-0.4609
E,-1.0449,-1.0448,-1.0448,-1.0466,-0.0456,-1.0458
K,-0.7317,-0.7326,-0.7335,0.2631,-0.7375,-0.738
R,-0.7091,-0.7091,2.6126,-0.7118,-0.7124,0.2883
H,0.3964,0.3963,0.3961,0.3928,0.3912,1.9754
