AA,P3,P2,P1,P1',P2',P3'
G,0.1957,-0.123,-3.3214,0.3809,-0.8816,-0.2032
P,-1.6201,0.4661,-3.2629,-3.1466,-0.5621,0.5539
A,-0.0351,0.1989,-3.4145,1.2258,-0.1218,0.0319
V,-0.5376,-0.5666,-3.1798,-0.2566,0.6355,-0.2582
L,-0.6929,0.1081,-3.9203,-0.6346,-0.6358,-0.636
I,-0.0788,-0.6928,-2.7211,-0.2832,0.563,-0.0233
M,-0.6395,-0.0836,-1.697,0.8671,-1.4552,0.1296
F,-0.0906,1.1432,-2.4705,-0.3552,0.8134,-0.0352
Y,0.0419,1.3346,-2.0162,0.4214,0.6827,0.9036
W,0.1746,1.4668,-0.8845,-0.7682,-0.768,0.8182
S,0.0978,0.2743,-3.6617,1.0388,0.1552,0.2629
T,-0.1584,-0.9957,-3.0245,-0.1007,-0.9085,-0.1008
C,0.2549,-0.1898,-1.8043,-0.6892,-0.6909,0.3087
N,-0.067,0.582,-2.4469,-0.746,0.6687,0.2533
Q,0.7851,0.171,-1.8578,-1.7419,0.2568,0.5782
D,-0.2056,-0.4978,-1.8486,-0.7326,-0.732,-1.1473
E,-0.2068,-1.406,-2.4347,-1.3179,-1.3169,-0.1472
K,-0.4786,-0.7718,2.7834,-0.2008,0.3131,-1.0093
R,1.207,-1.0702,3.03,0.4763,0.9232,-0.1756
H,0.8719,-0.3799,-0.9938,0.1215,0.1199,0.4411
