AA,P3,P2,P1,P1',P2',P3'
G,-0.3594,-1.4313,-1.597,0.556,-1.0284,-1.0281
P,-0.3006,1.6273,-1.5385,-0.9715,-0.972,0.0286
A,1.7174,-1.5244,-1.6901,-0.1226,-0.1166,-1.1149
V,-1.2182,1.032,-1.4555,-0.8889,-0.8899,-0.8905
L,-0.9584,-0.4453,0.6114,-1.6294,-0.0457,0.3691
I,-0.7594,-0.8311,-0.9967,-0.4301,-0.4318,-0.4332
M,1.2649,0.193,1.0274,0.7202,1.7199,0.7198
F,-0.5081,-0.5802,2.4238,-0.1801,-0.1814,-0.182
Y,-0.0536,0.8743,2.7082,0.2746,0.2728,1.2713
W,1.079,1.0065,2.8399,1.4068,1.4071,1.4083
S,-1.6982,-1.771,-1.9373,0.2139,-1.3701,-1.3694
T,-0.0613,0.4508,-1.3001,-0.7329,0.8515,0.8519
C,1.1593,0.0868,-0.0799,1.4859,0.4842,0.4838
N,-0.4845,-0.5564,0.2775,1.4291,-0.1562,0.8435
Q,-0.8954,0.0326,-1.1335,-0.5668,0.4319,0.4313
D,0.1139,0.6269,-1.1243,1.0274,0.4431,-0.5571
E,-1.4723,-1.5443,-1.7104,-1.1428,-0.1418,-1.142
K,0.4258,-0.2321,-1.3991,-0.8331,0.1663,0.7507
R,0.4484,-1.2086,-1.3749,0.192,-0.8086,-0.8079
H,-0.031,0.8968,-0.2695,0.2966,1.295,0.2942
