AA,P3,P2,P1,P1',P2',P3'
G,-0.6032,-0.8982,-4.0678,0.4544,0.5164,1.5756
P,-0.3035,-0.3091,-4.0093,-4.0117,-4.0121,1.0759
A,-1.1558,-1.5763,-1.839,1.0467,1.2008,0.9324
V,0.166,-1.6048,2.0279,-1.3441,0.7138,-1.9306
L,-0.0178,1.2872,1.5032,-2.6696,-0.6708,-2.671
I,-0.2927,-3.4679,0.4394,-0.4702,-0.472,-1.4734
M,-0.8534,1.3636,0.7265,-2.3199,-2.3202,0.8495
F,1.833,-1.217,-3.2169,-0.0503,2.2703,0.0998
Y,-1.7569,0.5594,-2.7626,1.4824,-0.7674,-1.7689
W,-1.6243,-1.6303,2.0695,-1.6333,-0.633,-1.6319
S,-0.5941,-0.7073,-2.8232,-0.4112,-1.6029,-0.6022
T,0.8793,-3.7709,1.6214,1.0849,-0.0731,0.2267
C,0.041,0.62,1.5368,-2.5543,-2.556,-2.5564
N,-0.1877,-0.0233,-2.1933,-0.1961,0.9736,1.0512
Q,-0.5987,0.4833,-2.0193,-2.6069,-3.6083,-0.2869
D,-0.1299,0.4051,-1.5951,0.6502,-2.5971,0.5726
E,-0.2687,-0.4807,-4.1812,0.7712,0.2103,0.2101
K,-1.2775,0.886,-3.8699,0.1268,-0.7039,-3.8744
R,0.1602,0.1546,-3.8457,-0.2632,-2.8488,-2.848
H,1.7893,0.4299,-2.7403,0.8414,1.0622,-2.7459
