AA,P3,P2,P1,P1',P2',P3'
G,0.1187,0.1189,-0.8808,-0.8297,0.1709,0.1712
P,-0.8226,0.1775,-0.8223,-0.7722,-0.7727,-0.7721
A,-0.9745,0.6107,-0.9739,0.0767,0.0827,-0.9156
V,-0.7401,0.2603,-0.7392,0.3104,-0.6905,-0.6912
L,-1.4804,-1.48,-1.4797,-1.4301,-0.4314,-0.4315
I,-0.2813,-0.2809,-0.2805,1.3542,-0.2325,0.7661
M,0.743,0.7432,0.7436,0.9195,0.9192,1.9191
F,-0.0301,-0.03,-0.0299,0.0192,0.0179,0.0173
Y,0.4244,0.4245,0.4244,0.4739,1.4721,0.4706
W,1.557,1.5567,1.5561,1.6062,1.6064,1.6076
S,-0.2201,-0.2208,-1.2211,-0.1718,-0.1708,-1.1701
T,-0.5832,1.001,-0.5839,-0.5336,0.4659,0.4662
C,1.6374,0.637,0.6363,0.6852,0.6835,1.6831
N,0.9936,-0.0062,-0.0063,1.6284,0.0431,0.0428
Q,-0.4173,-0.4172,-0.4173,-0.3675,-0.3688,-0.3694
D,-0.408,-0.4079,-0.4081,-0.3582,-0.3576,0.6422
E,-0.9943,-0.9941,-0.9942,-0.9435,-0.9425,-0.9427
K,0.9039,-0.6819,0.3171,-0.6338,-0.6344,-0.6349
R,0.9265,-0.6584,2.3413,-0.6087,0.3907,-0.6086
H,0.4471,0.447,0.4467,0.4959,0.4943,0.4935
