AA,P3,P2,P1,P1',P2',P3'
G,-0.6887,-1.6885,-1.7459,-1.5666,-1.5661,1.4342
P,0.3701,-0.6299,-1.6874,-1.5092,-1.5096,0.0759
A,1.2181,-0.1966,-1.839,-0.6603,0.3457,-1.6526
V,0.0375,-1.5471,-1.6043,-1.4265,-1.4275,0.1568
L,-2.2877,0.7126,-2.3448,-1.1671,-2.1683,-1.1685
I,-1.0887,-1.0883,-0.1456,0.0323,0.6155,-0.9709
M,-0.0644,-0.0642,0.8785,0.1826,1.7672,0.1821
F,0.1626,2.3326,0.69,-0.7178,0.2809,0.2803
Y,-0.383,0.6171,2.7293,0.737,0.7351,0.7336
W,0.7497,1.7494,2.276,0.8692,0.8695,0.8706
S,0.2945,-0.0281,-2.0862,1.8986,-0.3228,-0.3221
T,0.6094,-0.3913,-1.449,-1.2706,1.0508,-0.2708
C,0.83,-0.1703,-0.2288,-0.0518,-0.0535,-0.0539
N,0.1862,-0.8136,-0.8714,0.3064,0.3062,-0.6942
Q,-1.2247,-0.2245,-1.2823,-1.1044,-0.1058,-0.1063
D,0.3696,-1.2153,-1.2731,-1.0952,-1.0946,-1.0948
E,-0.8016,-0.8015,-1.8592,-1.6805,-1.6795,-1.6797
K,-0.4885,-0.4893,0.037,-0.3707,0.2136,0.6281
R,0.1191,-0.4658,2.4762,1.4617,1.4611,0.6545
H,-0.3603,0.6396,-0.4183,-0.2411,-0.2427,0.7566
