AA,P3,P2,P1,P1',P2',P3'
G,-0.8501,-0.0536,-2.2333,0.5489,0.0189,0.7669
P,-1.5283,0.742,-3.1748,-2.0942,-0.2872,0.3761
A,-0.9433,-0.5093,-2.3265,1.0027,0.5681,-1.2268
V,0.4286,-1.4972,-3.0918,-0.2042,1.075,-0.4174
L,-0.6011,-1.0151,-1.8322,-0.9447,0.4166,-0.9354
I,-0.2501,-0.0384,-2.633,0.9068,1.146,-0.2232
M,1.0373,-0.0142,-0.024,0.5976,-0.4027,0.1928
F,0.0012,-0.3724,-1.3824,-0.3027,0.0179,-0.7089
Y,0.7187,0.0821,1.0719,-0.848,0.4721,0.9668
W,0.2663,0.7993,-0.7964,0.2842,2.6064,0.2964
S,0.3961,0.5243,-3.5736,1.0913,-1.1708,0.3261
T,0.1261,0.2436,-2.9364,-0.8556,-0.0487,-1.845
C,-1.6533,-1.7054,-1.7162,-0.6368,-1.6384,-0.6281
N,-0.2971,-0.3486,-0.7739,-0.2785,-0.2788,1.3165
Q,1.4619,-0.1746,-1.1848,-0.3675,-0.6908,0.1268
D,-1.1138,-1.7503,-2.7606,-0.0952,-2.6795,1.0314
E,-0.4776,-1.7516,-3.3467,-0.4581,-1.6795,-0.084
K,0.6132,1.5606,0.2865,-1.3707,-0.9563,-1.3612
R,0.0508,0.6996,3.5279,-0.9306,-0.6093,-0.5979
H,0.1564,-0.8954,0.0942,0.4959,-1.8277,0.1823
