AA,P3,P2,P1,P1',P2',P3'
G,0.2288,-1.1673,-3.3924,0.2399,0.1215,0.7744
P,-2.0344,0.6075,-4.9188,-3.3272,-2.5876,0.2731
A,0.1356,0.1417,-2.2631,0.6092,-0.4103,1.8786
V,2.1595,0.1209,-0.8358,0.4559,0.1726,-0.2923
L,-0.6922,1.1679,1.192,-0.6631,-0.439,-1.7489
I,0.0918,0.6699,-0.4702,0.0888,-0.562,-0.2711
M,-1.2762,0.1091,1.647,0.1015,-0.4103,-0.3983
F,-0.3488,-1.3161,2.4434,-0.5358,0.1289,0.4776
Y,-1.0098,-1.3471,1.9129,-1.3441,-0.0798,-0.4842
W,-0.1402,-0.9518,-1.5404,0.0512,3.9931,0.2903
S,-0.6544,-0.5069,-5.3177,1.8072,-0.3077,-1.1249
T,-0.4325,0.8461,-2.3585,-0.5036,-0.0272,-0.0735
C,-0.3818,-2.4565,-3.4602,-1.4548,-2.4534,-1.8566
N,-0.1187,-0.0997,-0.0154,0.4884,0.4912,-0.2746
Q,0.087,0.1332,-2.5138,-0.2595,-1.1838,-0.4941
D,0.0963,-0.801,-1.9196,-1.6908,1.0601,0.4244
E,0.6012,0.1603,-3.5057,-2.4985,0.1685,-0.608
K,-3.1153,-2.1905,-2.7794,-0.4518,-3.7713,-1.0592
R,-1.8703,-2.7519,-2.7553,-1.5787,-2.7462,-1.4113
H,-0.4022,-1.0616,3.0781,0.2628,0.3574,-0.3092
