AA,P3,P2,P1,P1',P2',P3'
G,-0.074,-1.0738,-1.3588,0.8378,-0.8291,0.2256
P,-1.0152,1.9848,-1.3004,-1.1048,-0.7727,0.2823
A,1.1548,-0.1669,-1.452,0.7441,-0.9173,-0.8612
V,-0.9328,0.0676,-1.2173,-0.0222,0.3095,0.3633
L,-0.673,-1.6727,0.8496,-0.7627,0.8906,-0.3771
I,-0.474,-0.4736,-0.7586,0.4367,-0.2325,-0.1795
M,0.5503,0.5506,1.2655,0.587,0.9192,0.9735
F,0.7773,-0.2226,2.2994,-0.3134,1.0179,0.0718
Y,0.2318,1.2318,1.9464,1.1413,1.4721,0.5251
W,1.3644,2.3641,1.078,1.2736,1.6064,1.6621
S,-1.4128,-0.4134,-1.6992,-1.5043,-1.1708,-1.1156
T,-0.7759,-0.7766,-1.062,0.1338,-0.5341,0.5206
C,0.4447,0.4444,0.1583,0.3526,0.6835,0.7375
N,-0.1991,-0.1989,-0.4844,-0.2892,0.0431,0.0972
Q,-0.61,-0.6098,0.1047,-0.7,-0.3688,-0.3149
D,0.3993,-0.6006,-0.8861,-0.6908,-0.3576,-0.3034
E,-0.1869,-1.1868,-1.4722,-1.2761,-0.9425,0.1117
K,-0.8737,-0.8746,-0.1609,-0.9663,-0.6344,-0.5805
R,-0.8511,-0.8511,-1.1368,-0.9413,-0.6093,-0.5541
H,2.2544,0.2543,0.9687,2.1633,0.4943,0.548
