AA,P3,P2,P1,P1',P2',P3'
G,0.5803,-2.051,-2.0507,0.0673,1.2131,0.39
P,-0.361,0.3295,-1.9922,-1.8753,-0.9004,-0.8752
A,0.224,-1.1442,-2.1439,-0.4415,0.2769,-1.0187
V,-0.2786,0.0903,-1.9092,-1.7927,0.7667,-0.7943
L,-1.0188,-0.065,-1.0647,-0.2113,-0.5591,-0.2127
I,-0.4047,-0.4509,-1.4505,0.9881,0.6398,0.248
M,0.6196,-0.4267,0.5736,0.8165,-0.2085,-0.184
F,-0.1534,1.385,2.6075,0.9161,-0.1099,-0.0858
Y,0.301,0.2545,3.5024,0.3708,-0.6557,-0.6325
W,0.4336,0.3868,0.3862,0.5031,0.4787,0.5045
S,-2.3435,0.1943,-2.391,0.0471,-0.7136,-0.6882
T,-0.1217,0.5681,-1.7538,0.6852,-0.0769,0.3631
C,1.099,-0.5329,-0.5336,-0.4179,-0.4442,-0.42
N,0.4552,0.4088,-0.1762,-0.0597,0.5003,0.5246
Q,1.2666,-0.5871,-1.5872,-1.4705,-1.4966,-0.4725
D,0.4686,0.0071,-0.578,-0.4613,-1.4854,1.709
E,-0.5327,-0.1641,-2.1641,-1.0466,-0.4853,-1.0458
K,0.5174,-0.2669,-1.8528,0.2631,-0.7622,0.8469
R,-0.7819,-0.2434,1.1713,0.8731,0.5848,-1.7117
H,-0.6763,0.862,-0.7232,0.3928,0.3665,0.9754
