AA,P3,P2,P1,P1',P2',P3'
G,-0.489,-1.0961,-2.0958,-0.4205,-0.3962,-0.3716
P,-2.0152,0.2844,-2.0373,-1.9481,-0.9247,-0.3149
A,0.1548,-0.6043,-2.1889,-1.0992,-1.0693,-0.0434
V,0.3891,0.8526,-1.9543,0.4565,-0.8425,-0.234
L,-0.673,-0.3731,1.3053,0.394,0.4166,-0.5593
I,-1.474,-0.496,-1.4955,-1.4066,-1.3845,-1.3617
M,0.5503,1.1132,1.5285,1.3287,0.7672,0.7913
F,0.3623,0.34,2.077,0.8433,1.1878,0.4745
Y,0.8167,1.2094,2.0168,1.62,0.3201,1.3429
W,1.3644,1.3417,1.3411,1.4303,0.4544,1.4799
S,0.1722,-0.1139,-2.4361,-0.3476,-0.3228,-0.7129
T,-1.7759,-0.7989,-1.7989,-0.1245,0.3139,-0.0766
C,0.4447,-0.578,-0.5787,-0.4907,0.5315,-0.4447
N,-1.1991,0.3637,-0.2213,1.1895,1.213,1.5
Q,1.39,0.3678,1.8271,-0.5433,0.0641,-1.4971
D,-0.0157,-0.038,-1.6231,0.7879,1.0753,0.5144
E,0.6204,0.1128,-2.2092,-0.5344,-0.5095,-0.4855
K,-0.8737,-0.8969,-1.8979,-1.8096,-0.7864,-0.1777
R,-0.2662,-1.8734,-1.8738,-1.7846,-0.7613,0.5856
H,0.2544,0.8169,-0.7683,0.32,-0.6577,-0.6342
