AA,P3,P2,P1,P1',P2',P3'
G,0.9761,0.3073,-2.4997,-0.4498,0.7207,1.721
P,-0.4246,-0.4414,-2.4412,-1.3924,0.7771,-0.0704
A,-0.9916,-0.2712,-2.5928,0.0415,0.4626,-1.5358
V,-0.7572,-0.0367,-2.3582,-0.3097,0.0112,-0.3113
L,-1.0824,-0.0989,-2.0986,-0.0503,-0.7296,-2.0517
I,-0.8833,-1.8998,-1.8994,1.319,1.1474,-0.8541
M,0.7259,0.1243,-0.8753,2.1067,0.2991,0.2989
F,-0.6321,1.521,-1.6488,-0.601,-0.6023,-1.6028
Y,-1.1776,-0.1945,-0.1945,0.4387,-1.1481,0.8505
W,-0.045,-0.0622,-0.0628,-0.014,1.5713,-0.0125
S,0.1778,0.4822,-2.84,1.2081,-0.206,0.5317
T,0.9846,0.7972,-2.2028,-0.1538,-0.1543,-0.569
C,-0.9647,-0.9819,-0.9826,-0.935,-0.9366,-0.9371
N,-1.6085,-0.6251,-1.6252,-0.5767,0.423,0.7445
Q,0.9806,0.2858,-2.0362,-0.4026,-0.989,0.0105
D,-0.4251,-1.0268,-2.027,-0.3934,-0.9778,0.022
E,-0.2744,-1.6131,-2.6131,-2.5636,-0.9777,-0.5629
K,0.0388,-0.7159,0.5056,-0.669,-1.2546,-0.6701
R,0.3244,0.3076,3.5803,-0.6439,-1.2295,-0.2287
H,1.167,0.413,-0.1722,-1.1243,1.196,0.8734
