AA,P3,P2,P1,P1',P2',P3'
G,-0.1183,-1.2437,-1.2434,-0.8821,-0.8816,1.1187
P,-0.0596,0.8149,-1.1849,-0.8247,-0.8251,-0.8246
A,-1.2116,-0.3368,-1.3365,-0.9758,-0.9698,-0.9681
V,0.0228,-1.1023,-1.1018,-0.742,1.257,-0.7436
L,-0.7174,-0.8426,-1.8423,-0.4826,-1.4838,-1.484
I,-0.5184,-0.6435,-0.6431,2.7168,2.037,-0.2864
M,0.5059,0.3806,0.381,0.8671,0.8668,0.8666
F,0.7329,1.6074,-0.3925,-0.0333,0.9654,-0.0352
Y,0.1874,0.0619,0.0619,0.4214,0.4196,0.4181
W,1.32,1.1941,1.1935,1.5537,1.554,1.5551
S,-0.4572,1.0016,-1.5837,-1.2242,-1.2233,-1.2226
T,0.1797,0.0535,-0.9465,-0.5861,-0.5866,-0.5863
C,1.4003,0.2745,0.2737,0.6327,0.631,0.6306
N,-0.2435,1.2162,-0.3689,-0.0091,-0.0094,1.9903
Q,1.3456,-0.7797,0.2202,-0.4199,-0.4213,-0.4218
D,-0.6451,-0.7705,-0.7706,-0.4107,-0.4101,-0.4103
E,0.3536,-1.3567,-1.3567,-0.996,-0.995,-0.9952
K,-0.9181,-1.0445,0.9546,-0.6862,-0.6869,0.3126
R,-0.8955,-1.021,2.6791,-0.6612,-0.6618,-0.661
H,0.21,0.0844,0.0842,0.4434,0.4418,1.4411
