AA,P3,P2,P1,P1',P2',P3'
G,0.1187,-0.9066,-1.9803,-0.8297,1.2253,2.033
P,0.4993,-0.8481,-1.9219,-1.7722,0.6037,-0.1327
A,-0.9745,-0.9998,-2.0735,-0.3384,-1.8628,-1.8612
V,-1.7401,-1.7653,-1.8388,0.6323,1.1713,-1.6367
L,0.5196,-0.9206,-2.5792,-1.4301,-2.3769,-1.3771
I,-1.2813,-1.3065,-1.3801,-0.2307,0.4069,-1.1795
M,1.743,1.7177,-0.356,0.9195,0.9737,-0.0265
F,0.9699,1.7518,-1.1294,-0.9808,0.6573,0.6567
Y,0.4244,-0.6011,-0.6751,2.4739,1.5265,1.5251
W,0.557,2.1161,0.4566,0.6062,0.6609,0.6621
S,-1.2201,-2.2463,-2.3207,0.4132,-1.1164,-1.1156
T,-0.5832,0.9755,-1.6835,0.0513,-1.4797,-1.4794
C,-0.3626,-0.3885,-0.4632,-0.3148,-0.262,-0.2625
N,-1.0064,-1.0318,-1.1059,0.0434,0.0976,0.0972
Q,0.5827,0.5573,-1.5168,-1.3675,-0.3144,0.6851
D,0.1769,-1.4334,-1.5076,-1.3582,-0.3032,0.2816
E,-0.4093,-1.0197,-2.0937,-1.9435,-0.8881,-0.8883
K,-0.6811,1.6145,1.8025,-0.0488,-1.58,-0.5805
R,0.3415,-0.684,3.1486,1.1986,-0.5549,-0.5541
H,0.4471,1.0064,-0.6528,0.4959,0.5487,0.548
