AA,P3,P2,P1,P1',P2',P3'
G,-1.1183,-1.1612,-1.2027,0.9252,-1.0742,-1.0739
P,-0.0596,1.2193,-1.1442,-1.0173,-0.0178,-0.0172
A,-0.2116,-0.2544,-1.2959,-1.1684,-0.1624,-1.1607
V,-0.9772,-1.0198,-1.0612,-0.9347,0.0643,-0.9363
L,-0.7174,-0.7601,-0.8016,-1.6752,-0.6765,-0.6767
I,-0.5184,-0.561,-0.6025,-0.4759,0.5224,-0.479
M,0.5059,0.4631,0.4216,2.2594,2.2591,0.674
F,-0.2671,-0.3101,-0.3518,-0.2259,1.3577,0.7722
Y,0.1874,0.1443,0.1025,0.2288,0.227,0.2255
W,1.32,1.2766,1.2342,1.361,1.3613,1.3625
S,-0.4572,-1.5009,-1.5431,0.9051,-1.4159,-0.4152
T,-0.8203,1.136,-0.9058,-0.7787,-0.7792,-0.7789
C,0.4003,0.3569,0.3144,0.4401,0.4384,0.438
N,-0.2435,-0.2863,-0.3282,0.7983,0.798,0.7976
Q,0.3456,1.3027,-0.7392,-0.6126,0.3861,1.3855
D,1.6768,-0.688,-0.73,-0.6033,-0.6027,-0.6029
E,0.3536,-1.2743,-1.3161,-1.1886,-1.1876,-1.1878
K,0.6668,0.038,-0.0048,0.1211,0.1205,1.12
R,-0.8955,0.0615,2.8267,0.1462,-0.8544,-0.8537
H,0.21,0.1669,0.1248,0.2508,0.2492,1.2484
