AA,P3,P2,P1,P1',P2',P3'
G,0.1891,0.1893,-1.4997,-0.204,-1.2035,0.7968
P,-1.3372,0.6629,-1.4412,-1.1466,-0.1471,0.4384
A,-0.4891,-1.4888,-1.5928,0.2872,-1.2917,-0.29
V,-0.2547,0.3307,-1.3582,-0.064,-1.0649,-1.0656
L,0.0051,-0.4096,-2.0986,-1.8045,0.1942,-0.221
I,0.2041,-0.7955,-0.8994,0.3949,0.3931,0.3917
M,0.2284,0.2286,0.1247,0.5452,1.5448,1.5447
F,1.0403,0.4554,-0.6488,-0.3552,0.6435,-0.3571
Y,0.9098,-0.0901,-0.1945,1.6845,1.0977,0.0962
W,1.0425,1.0421,0.9372,1.2318,1.232,1.2332
S,-1.7347,-0.1504,-1.84,0.0388,-1.5452,-0.5445
T,-1.0978,-1.0985,-1.2028,-0.908,-0.9085,-0.9082
C,0.1228,0.1225,0.0174,0.3108,0.3091,0.3087
N,0.479,0.4792,-0.6252,0.669,-0.3313,1.2533
Q,0.653,-0.9317,-1.0362,0.2581,1.2568,-0.7438
D,0.0774,1.3994,-1.027,0.2674,0.853,-0.7322
E,-1.5089,-0.5087,-1.6131,-1.3179,-0.3169,0.2679
K,0.3893,-0.1965,2.5056,0.9918,-1.0088,-1.0093
R,0.4119,-0.173,2.1818,-0.9831,0.0163,-0.983
H,0.9325,-0.0676,-0.1722,0.1215,0.1199,0.1191
