AA,P3,P2,P1,P1',P2',P3'
G,-0.8813,-0.8811,-0.8808,1.1179,-0.8816,0.7037
P,-0.8226,-0.8225,-0.8223,-0.8247,-0.8251,-0.8246
A,-0.9745,0.0258,-0.9739,-0.9758,0.0302,-0.9681
V,-0.7401,-0.7397,-0.7392,-0.742,0.8419,-0.7436
L,-1.4804,-1.48,-1.4797,-1.4826,0.5162,-1.484
I,-0.2813,-0.2809,-0.2805,1.3017,-0.285,1.7136
M,0.743,0.7432,0.7436,0.8671,0.8668,0.8666
F,-0.0301,-0.03,-0.0299,-0.0333,1.5504,1.9648
Y,0.4244,0.4245,0.4244,0.4214,0.4196,0.4181
W,1.557,1.5567,1.5561,1.5537,1.554,1.5551
S,1.3648,1.1012,-1.2211,0.7758,-1.2233,-1.2226
T,0.4168,-0.5839,-0.5839,-0.5861,-0.5866,-0.5863
C,0.6374,0.637,0.6363,0.6327,0.631,0.6306
N,-0.0064,-0.0062,-0.0063,-0.0091,-0.0094,-0.0097
Q,1.1676,-0.4172,-0.4173,-0.4199,-0.4213,-0.4218
D,-0.408,-0.4079,-0.4081,-0.4107,-0.4101,-0.4103
E,-0.9943,-0.9941,-0.9942,-0.996,-0.995,-0.9952
K,-0.6811,0.903,-0.6829,-0.6862,-0.6869,-0.6874
R,-0.6585,0.3416,2.5112,-0.6612,-0.6618,-0.661
H,0.4471,0.447,0.4467,0.4434,0.4418,0.4411
