AA,P3,P2,P1,P1',P2',P3'
G,0.7561,0.7563,-0.8808,-0.8297,-0.8291,0.7561
P,-0.7701,0.2299,-0.8223,-0.7722,-0.7727,-0.7721
A,-0.922,0.6632,-0.9739,0.6616,-0.9173,-0.9156
V,0.3123,-0.6873,-0.7392,-0.6896,-0.6905,-0.6912
L,0.5721,-1.4276,-1.4797,-1.4301,0.1536,-0.4315
I,-0.2288,-0.2285,-0.2805,1.3542,0.7675,-0.2339
M,0.7954,0.7957,0.7436,0.9195,0.9192,0.9191
F,0.0224,0.0225,-0.0299,0.0192,1.0179,0.0173
Y,0.4769,0.4769,0.4244,0.4739,1.4721,1.4706
W,1.6095,2.6092,1.5561,1.6062,1.6064,1.6076
S,-1.1677,-1.1683,-1.2211,-1.1718,-1.1708,-1.1701
T,-0.5308,-0.5315,-0.5839,1.0513,-0.5341,-0.5338
C,0.6898,0.6895,0.6363,0.6852,0.6835,0.6831
N,1.046,0.0462,-0.0063,0.0434,0.0431,0.0428
Q,-0.3649,0.6353,-0.4173,-0.3675,0.6312,0.6306
D,-0.3556,-0.3554,-0.4081,-0.3582,-0.3576,0.6422
E,-0.9418,-0.9417,-0.9942,-0.9435,-0.9425,0.0573
K,-0.6286,-0.6295,0.9021,0.3662,-0.6344,-0.6349
R,-0.606,-0.606,2.1486,-0.6087,-0.6093,-0.6086
H,0.4995,0.4994,0.4467,0.4959,1.4943,0.4935
