AA,P3,P2,P1,P1',P2',P3'
G,-1.9068,0.9262,-1.1395,0.8808,0.8814,1.4666
P,-0.0408,1.3771,-1.081,-3.0617,-0.7402,0.2603
A,0.9068,1.3567,-0.9107,0.694,1.3168,0.2543
V,-0.1807,0.7681,-1.413,-0.9791,0.0199,0.0193
L,-1.184,-1.6727,-2.7384,-1.7196,-0.5509,-0.1361
I,-0.3068,-0.8886,-2.5393,-0.9353,-0.522,-0.9385
M,0.3024,-0.4494,0.4848,0.215,-1.3703,-0.3704
F,-0.0556,-1.2226,-2.2886,-2.2703,-1.2716,-0.2722
Y,-0.6011,-0.7682,-1.8343,-1.8156,-1.8174,-0.8189
W,-0.4685,-0.6359,-0.7026,0.9016,-0.6831,0.9031
S,-0.2457,-0.6061,-1.8949,0.6262,0.347,-0.8746
T,1.3912,0.0308,-0.8427,-0.5012,-0.0163,0.4986
C,-1.3882,0.0293,-0.6224,-1.6043,-0.606,-0.6064
N,-0.032,-0.6139,-1.2651,-1.2461,0.7536,-0.6618
Q,-1.4429,-0.0249,-0.676,-1.072,-0.0734,0.3411
D,0.5664,-1.6006,-2.6668,-1.0628,-1.6471,-0.6473
E,-0.0198,-0.6018,-2.2529,-3.233,-0.4247,-0.6472
K,-0.1217,-1.8746,-0.9416,1.9347,-0.9239,-0.3395
R,0.7754,-0.8511,3.4576,0.8022,-0.3139,-0.3131
H,-1.5785,-1.7457,-0.227,1.0137,0.7897,-0.796
