AA,P3,P2,P1,P1',P2',P3'
G,-0.7744,1.7794,-1.0734,-0.6597,-0.6592,1.3411
P,-0.7157,0.0306,-1.015,-0.6023,-0.6027,-0.6022
A,-0.8676,-1.1211,-1.1666,-0.7534,-0.7474,-0.7457
V,0.3668,0.1134,-0.9319,-0.5197,1.4794,-0.5212
L,0.2115,-0.6269,-1.6723,-1.2602,-1.2614,-1.2616
I,-0.1744,-0.4278,-0.4732,1.9392,-0.0626,-0.064
M,0.8499,0.5964,0.5509,2.0895,1.0892,1.089
F,0.0769,-0.1768,-0.2225,0.1891,0.1878,0.1872
Y,0.5313,0.2776,0.2318,0.6438,0.642,0.6405
W,1.6639,2.4099,1.3634,1.7761,1.7764,1.7775
S,-1.1132,-1.3676,-1.4138,-1.0018,-1.0009,-1.0002
T,-0.4763,0.2692,-0.7766,-0.3637,-0.3642,-0.3639
C,0.7443,0.4902,0.4437,0.8551,0.8534,0.853
N,0.1005,-0.1531,-0.199,0.2133,0.213,1.2127
Q,1.2745,-0.564,-0.6099,-0.1975,-0.1989,-0.1994
D,-0.3011,-0.5548,-0.6007,-0.1883,-0.1877,-0.1879
E,0.1126,-1.141,-1.1868,-0.7736,-0.7726,-0.7728
K,-0.5742,-0.8288,-0.8755,-0.4638,0.5355,-0.465
R,-0.5516,-0.8053,2.8491,-0.4388,-0.4394,-0.4387
H,0.554,0.3001,0.2541,0.6658,0.6642,0.6635
