AA,P3,P2,P1,P1',P2',P3'
G,-0.7744,0.7563,-0.8808,-0.7752,-0.7747,-0.7744
P,-0.7157,-0.7701,-0.8223,-0.7178,-0.7182,-0.7177
A,-0.8676,1.0782,-0.9739,0.1311,-0.8628,-0.8612
V,-0.6332,-0.6873,-0.7392,-0.6351,-0.6361,-0.6367
L,0.9485,-0.4276,-1.4797,-1.3757,-0.3769,-0.3771
I,-0.1744,-0.2285,-0.2805,0.8237,0.822,-0.1795
M,1.8499,0.7957,0.7436,0.974,0.9737,0.9735
F,0.0769,0.0225,-0.0299,0.0736,1.0723,0.0718
Y,0.5313,0.4769,0.4244,0.5284,0.5265,0.5251
W,1.6639,1.6092,1.5561,1.6606,1.6609,1.6621
S,-1.1132,-1.1683,-1.2211,-0.1173,-0.1164,-1.1156
T,0.5237,-0.5315,-0.5839,-0.4792,-0.4797,-0.4794
C,0.7443,0.6895,0.6363,0.7396,0.738,0.7375
N,0.1005,0.0462,-0.0063,1.0979,1.0976,1.0972
Q,-0.3104,0.6353,-0.4173,-0.313,-0.3144,0.6851
D,-0.3011,-0.3554,-0.4081,0.6962,-0.3032,0.6966
E,-0.8874,-0.9417,-0.9942,-0.889,0.1119,0.1117
K,-0.5742,-0.6295,-0.6829,0.4207,-0.58,-0.5805
R,-0.5516,-0.606,2.5112,-0.5543,-0.5549,-0.5541
H,0.554,0.4994,0.4467,0.5503,0.5487,1.548
