AA,P3,P2,P1,P1',P2',P3'
G,0.0085,1.1607,-2.1924,0.3623,0.7108,1.3631
P,-0.5177,0.2193,-3.1339,-3.0397,-0.7182,0.1303
A,0.5527,1.2051,-3.2855,0.5096,0.5157,-0.3757
V,0.1497,-0.0198,-3.0508,0.7434,1.7969,0.7418
L,-0.5906,0.0472,-2.7913,-1.1126,0.5491,-0.5291
I,-0.2395,-0.561,-2.5921,-0.1763,0.3074,0.958
M,0.0478,-0.5369,-1.568,-1.3479,-1.3482,0.6516
F,0.0118,0.2749,-2.3415,-2.2483,-1.2496,0.0718
Y,-0.2707,0.1443,-1.8872,-0.7936,-0.2104,-1.7969
W,-0.7231,-0.7234,-0.7555,-0.6613,-0.661,-0.6599
S,0.0847,-0.6935,-3.5327,-0.1173,-1.8533,0.1474
T,0.3066,-1.2791,-2.8955,-0.2162,0.3683,-0.2163
C,-0.0578,-0.6431,-1.6753,-0.5823,-1.584,-1.5844
N,0.5208,0.2986,-1.3179,-1.2241,0.583,0.3602
Q,1.6245,-0.3754,-2.7289,-0.05,0.3637,0.1705
D,-2.6882,-1.1031,-2.7196,-2.6257,-0.6251,-1.0403
E,-1.6894,-3.2743,-3.3057,-3.211,-3.21,-3.2102
K,0.0388,0.2079,-0.4095,2.2687,-2.9019,0.0976
R,-0.1312,-0.1312,3.8241,0.4457,-1.8768,-1.8761
H,-0.833,-0.8331,-0.8649,-0.7716,-0.7732,-0.7739
