AA,P3,P2,P1,P1',P2',P3'
G,0.6383,-0.5942,-2.3371,-0.0039,1.7399,1.0032
P,-2.5356,1.2299,-2.5417,-4.8534,-3.2625,-0.677
A,0.8731,-0.055,-1.4302,2.0723,0.9386,0.219
V,0.5824,-0.7747,-2.4586,-0.2472,-1.1804,-0.766
L,-1.708,0.1854,-1.7136,-2.1893,0.9695,-0.1488
I,0.0056,-1.994,-4.3218,-0.7269,0.085,0.4461
M,0.7954,-0.4844,-3.2977,-0.8397,1.0143,-0.1558
F,-2.0651,0.2569,-2.4862,-3.062,-0.472,0.5274
Y,0.3894,1.4769,-2.0319,-0.4373,-0.7954,-2.0193
W,-2.478,-0.1564,-2.4852,-2.475,-2.4684,-2.4672
S,0.7893,0.7666,-5.2624,0.654,-0.4383,0.2145
T,-0.2259,0.2391,-0.6252,0.5947,-1.1495,-0.4387
C,-1.0757,0.0615,-2.4049,-1.396,-1.3913,-1.8068
N,-0.582,-0.0412,-4.0476,-0.3373,-1.7098,-0.5726
Q,0.1326,-1.4522,-4.4585,-0.2007,0.3112,0.6433
D,0.3118,0.3644,-3.4493,-0.7389,-0.8475,-0.5258
E,0.0151,-1.3287,-4.0354,-1.5652,0.0701,0.0269
K,-0.0157,-1.132,2.2982,1.013,-1.7092,1.0451
R,-0.4456,-0.8861,3.2887,-4.6899,-4.6842,-3.0984
H,-2.003,-1.2661,-3.5945,0.5846,-3.5806,-1.2594
