AA,P3,P2,P1,P1',P2',P3'
G,0.1891,-1.3957,-1.3954,-0.3967,-1.3962,1.4115
P,-1.3372,0.2479,-1.3369,-1.3393,-1.3397,0.6608
A,0.0959,-1.4888,-1.4885,-0.4904,-1.4843,-1.4826
V,-1.2547,-1.2543,-1.2538,0.7434,1.3274,-1.2582
L,-0.9949,-0.4096,-1.9943,0.0029,0.5866,-1.9986
I,-0.7959,-0.7955,-0.7951,2.5241,2.0078,-0.801
M,0.2284,0.2286,0.229,0.3525,0.3522,1.352
F,0.4554,-0.5446,-0.5445,-0.5478,0.4508,-0.5497
Y,-0.0902,-0.0901,-0.0902,-0.0931,-0.0949,0.9036
W,1.0425,1.0421,1.0415,1.0391,1.0394,1.0406
S,0.2653,1.072,-1.7357,-1.7388,-0.1529,-1.7371
T,-0.0978,1.4865,-1.0985,-1.1007,-1.1012,-1.1008
C,0.1228,0.1225,0.1217,0.1181,0.1165,1.116
N,-0.521,1.0642,-0.5209,0.4764,-0.5239,1.7976
Q,1.0681,-0.9317,-0.9318,-0.9345,-0.9359,-0.9364
D,0.6623,1.0775,-0.9226,-0.9253,0.0753,0.0751
E,0.8131,-1.5087,-1.5087,-1.5105,-1.5095,-0.5097
K,-0.1957,-1.1965,2.3875,-0.2008,-1.2014,-0.202
R,-1.1731,-1.173,2.1486,-0.1758,-1.1764,-1.1756
H,-0.0675,-0.0676,-0.0678,-0.0712,-0.0728,0.9265
