AA,P3,P2,P1,P1',P2',P3'
G,0.0469,0.4668,-2.9803,1.3768,-0.3596,0.5151
P,-0.1168,0.7884,-2.9219,-2.8877,-0.5662,-0.5657
A,0.1463,0.9586,-2.0735,0.4206,0.5522,0.4283
V,0.1881,0.0936,-2.8388,0.3649,0.6534,-0.2217
L,-0.5522,-0.2841,-2.5792,-0.2237,0.5406,0.0379
I,0.4245,-0.67,-2.3801,-0.3462,0.4594,-1.3494
M,0.4488,0.3542,-1.356,-0.1959,0.3887,-0.1964
F,0.8982,-2.004,-2.1294,-2.0963,-1.0976,0.7092
Y,0.1302,0.4505,-1.6751,-1.6416,-0.0584,0.3551
W,-0.3221,-0.4173,-0.5434,0.4907,-0.509,-0.5079
S,0.3602,-0.1948,-2.3207,0.1722,-0.7013,-0.1156
T,0.1226,0.764,-1.6835,-0.0642,-0.3277,0.1581
C,0.7582,-0.337,-1.4632,-0.4303,0.153,-0.4324
N,-0.3006,0.6047,-2.1059,-2.0721,0.5126,0.2492
Q,-0.2965,-0.3912,-2.5168,-1.4829,1.1007,0.5151
D,-2.2872,-0.797,-2.5076,-2.4737,-2.4731,-1.4733
E,-1.8734,-2.9682,-3.0937,-3.059,-3.058,-3.0582
K,0.7617,-0.6559,-1.7824,1.2508,0.42,1.2496
R,0.0473,-0.6324,3.8267,0.2758,-0.4029,-2.7241
H,-1.4321,0.0579,-1.6528,1.3804,-0.6212,0.7
