AA,P3,P2,P1,P1',P2',P3'
G,-1.2834,2.0002,-1.3954,-1.2842,-0.2837,-1.2834
P,-0.2247,-1.2631,-1.3369,-1.2268,-0.2272,-1.2267
A,-1.3766,0.9071,-1.4885,0.944,-1.3719,-0.3702
V,1.1797,-1.1803,-1.2538,-0.1441,-1.1451,-0.1457
L,1.4395,-1.9206,-1.9943,-0.8847,1.436,-0.3011
I,-0.6834,-0.7215,-0.7951,0.8996,0.8979,0.3115
M,1.3409,0.3026,0.229,0.465,0.4647,0.4645
F,0.5678,0.5294,-0.5445,-0.4354,-0.4367,-0.4373
Y,0.0223,-0.0161,0.9098,0.0194,1.6025,1.016
W,1.1549,1.1161,1.0415,1.1516,2.7368,1.153
S,-0.6222,-0.6613,-1.7357,0.3737,-1.6254,-0.0397
T,-0.9853,-1.0245,-1.0985,0.5968,-0.9887,-0.9884
C,0.2353,0.1965,0.1217,0.2306,0.2289,0.2285
N,-0.4085,-0.4468,-0.5209,0.5888,-0.4114,0.5882
Q,-0.8194,0.7272,-0.9318,-0.822,-0.8234,0.761
D,-0.8101,-0.8485,-0.9226,0.1872,-0.8122,-0.8124
E,-1.3964,-1.4347,-1.5087,-1.3981,-1.3971,0.1877
K,-1.0832,-1.1225,-0.1975,0.4966,-1.089,0.4955
R,-1.0606,-0.099,3.0746,-1.0633,-1.0639,0.5218
H,0.045,0.0064,-0.0678,0.0413,0.0397,0.039
