AA,P3,P2,P1,P1',P2',P3'
G,-1.4315,-1.4313,-1.431,0.2248,0.2253,1.2256
P,-1.3728,0.2122,-1.3725,-1.3027,0.2818,-1.3026
A,0.0602,0.4756,-1.5241,-0.4539,-1.4478,-1.4461
V,-1.2903,-1.2899,-1.2894,-1.2201,1.3639,-1.2217
L,-1.0306,0.2917,-1.0299,0.3613,-0.3769,-1.9621
I,-0.8315,-0.8311,-0.8307,2.2387,1.237,-0.7644
M,0.1928,0.193,0.1934,0.389,0.3887,0.3886
F,-0.5803,1.0048,-0.5801,0.4887,0.4874,-0.5132
Y,0.8742,-0.1257,-0.1258,-0.0566,-0.0584,-0.0599
W,1.0068,1.0065,1.0059,1.0756,1.0759,1.0771
S,-0.1854,0.814,-1.7713,-0.7023,-1.7013,-0.7006
T,-0.1334,0.4508,-1.1341,0.5208,-0.0646,0.5206
C,0.0872,0.0868,0.0861,1.1547,1.153,1.1526
N,-0.5566,1.0285,-0.5565,-0.4871,0.5126,1.0972
Q,1.0325,-0.9674,-0.9675,-0.898,-0.8993,0.6851
D,0.6267,-0.9581,-0.9583,-0.8887,-0.8881,-0.8883
E,-0.5445,-1.5443,-1.5444,-1.474,-1.473,-1.4732
K,-1.2313,-1.2321,0.7669,-1.1643,-1.1649,0.8345
R,1.9612,-0.2086,2.961,-1.1392,-0.1398,0.4459
H,-0.1031,-0.1032,-0.1035,-0.0346,-0.0362,0.963
