AA,P3,P2,P1,P1',P2',P3'
G,0.8915,0.7264,-4.3818,-0.2941,0.7619,-0.6966
P,-3.9078,1.2311,-5.9083,-4.5872,-3.4501,-0.9067
A,0.2441,0.9056,-3.6004,1.1394,0.5232,-0.1077
V,-0.4503,0.4031,-5.2402,0.1735,-0.74,0.8537
L,-0.8107,-0.7458,-3.2437,-0.7215,0.6606,-0.3088
I,-1.0089,-1.723,-6.3665,-0.9753,0.1063,0.6538
M,0.3016,-0.3427,-1.0945,0.1046,0.5637,0.0324
F,-1.4714,-0.4435,-3.7939,-0.0516,0.1664,-0.3624
Y,-1.7539,-1.7546,-3.6615,-0.0191,0.5831,0.3804
W,-2.5282,-1.9443,-1.9449,-2.9458,-1.5305,-1.7196
S,0.4496,-0.0683,-2.7835,1.2498,0.0321,-0.0009
T,-0.1927,0.163,-3.8625,0.5774,-0.5625,0.073
C,-0.2779,-1.4489,-3.1277,-1.0594,-1.7529,-1.7511
N,-0.0472,0.0576,-0.4776,0.1353,-1.0938,-0.3105
Q,0.0053,0.5522,-3.1813,-0.3958,-0.4183,-0.7491
D,1.0381,-0.85,3.9827,0.0595,0.9064,0.5844
E,1.3881,0.3875,0.9588,0.3033,0.6485,1.0622
K,-0.8356,-1.446,-2.5209,-0.8165,-0.9384,0.4784
R,-1.5342,-3.5744,-2.2853,-2.3533,-2.6588,-2.9358
H,-0.2458,-2.3171,-4.6392,-1.641,-1.9422,-2.3191
