AA,P3,P2,P1,P1',P2',P3'
G,-0.1614,-0.1612,-1.2027,-1.0748,-1.0284,0.9719
P,-0.1027,-0.1026,-1.1442,-0.0173,0.028,-0.9714
A,-1.2546,-1.2544,-1.2959,-1.1684,-1.1166,-0.1149
V,-1.0202,-1.0198,-1.0612,-0.9347,0.6951,-0.8905
L,-0.1755,-1.7601,-1.8016,-1.6752,-0.6307,-0.6309
I,0.4386,-0.561,-0.6025,1.1091,-0.4318,-0.4332
M,1.4629,0.4631,0.4216,0.6744,0.7199,0.7198
F,-0.3102,1.2749,-0.3518,-0.2259,-0.1814,0.818
Y,0.1443,0.1443,0.1025,0.2288,1.2728,1.2713
W,1.2769,1.2766,1.2342,1.361,1.4071,1.4083
S,-1.5002,-0.5009,-1.5431,0.9051,0.2148,-1.3694
T,0.1366,-0.864,-0.9058,-0.7787,0.2666,-0.7331
C,0.3573,0.3569,0.3144,0.4401,0.4842,0.4838
N,0.7135,-0.2863,-0.3282,-0.2017,-0.1562,0.8435
Q,0.3025,0.8877,-0.7392,0.3874,-0.5681,-0.5687
D,-0.6882,-0.688,-0.73,-0.6033,-0.5569,-0.5571
E,-0.2744,-1.2743,-1.3161,-1.1886,-1.1418,-0.142
K,1.0388,1.6229,0.5802,1.1211,0.1663,0.1658
R,-0.9386,0.6464,2.8267,0.1462,-0.8086,0.1921
H,1.167,0.1669,0.1248,0.2508,1.8799,0.2942
