AA,P3,P2,P1,P1',P2',P3'
G,0.448,-1.4488,-2.4828,0.2028,0.2033,0.2036
P,-1.3006,-0.3902,-2.4244,-2.0617,-2.0622,-0.4767
A,1.3548,-0.22,-2.576,0.9571,1.2526,0.9648
V,-1.2182,0.2775,-2.3413,0.6059,0.0199,0.3413
L,-1.3735,-0.7258,-3.0817,-0.3977,-1.7209,-0.7211
I,0.2406,-0.8486,-1.8826,0.8017,0.7999,-0.5234
M,0.2649,-0.8245,-0.8585,-0.37,-0.3703,-0.3704
F,0.0769,0.7243,-1.6319,0.3147,0.3133,-0.2722
Y,-0.0536,1.6641,-1.1776,1.7694,-0.8174,0.7661
W,0.079,1.989,-0.0459,0.3166,0.3169,1.9031
S,-0.6982,-1.2035,-2.8232,-0.8763,-0.4603,-1.4596
T,-0.4763,0.1703,-2.186,0.1769,1.1764,1.1767
C,-0.8407,-0.9307,-0.9657,-0.6043,-0.606,-0.6064
N,-0.4845,2.0111,-1.6084,-0.2461,0.7536,0.3382
Q,-0.8954,-0.3999,-2.0193,-0.657,-1.6583,-0.6589
D,-0.8861,0.0244,-2.0101,-0.6477,1.1602,-0.0624
E,0.5277,0.2455,-2.5962,-1.233,-1.232,-0.6472
K,0.4258,0.0723,3.2069,-0.3383,-0.9239,0.0756
R,1.0334,-2.2261,2.1987,-0.3133,-0.8988,-0.8981
H,-1.031,-1.1207,-1.1553,0.2064,-0.7952,-0.796
