AA,P3,P2,P1,P1',P2',P3'
G,-0.8813,1.0683,-0.9314,-0.7186,-0.7181,0.8672
P,0.1774,0.1268,-0.8729,-0.6612,-0.6616,0.9239
A,0.0255,-0.0249,-1.0246,-0.8123,1.1937,-0.8046
V,-0.7401,-0.7904,-0.7899,0.4215,0.4205,0.4199
L,-0.4804,-0.5307,-1.5303,-1.3191,-1.3203,-1.3205
I,0.7187,-0.3316,-0.3312,0.8803,-0.1215,-0.1229
M,0.743,0.6926,0.6929,2.6155,1.0303,1.0301
F,0.9699,0.9194,-0.0805,0.1302,0.1289,0.1283
Y,1.4244,0.3738,0.3738,1.5849,0.5831,0.5816
W,1.557,1.5061,1.5055,1.7172,1.7175,1.7186
S,-0.2201,-0.2714,-1.2717,-1.0607,-1.0598,-1.0591
T,-0.5832,0.3654,-0.6345,-0.4226,-0.4231,-0.4228
C,0.6374,0.5864,0.5857,0.7962,0.7945,0.7941
N,-0.0064,-0.0569,-0.0569,0.1544,0.1541,0.1538
Q,0.5827,-0.4678,-0.4679,-0.2564,-0.2578,-0.2583
D,-0.408,-0.4585,-0.4587,-0.2472,-0.2466,-0.2468
E,-0.9943,-1.0448,-1.0448,-0.8325,-0.8315,-0.8317
K,-0.6811,-0.7326,0.8515,-0.5227,0.4766,-0.5239
R,-0.6585,-0.7091,2.2906,-0.4977,-0.4983,-0.4975
H,0.4471,0.3963,0.3961,0.6069,0.6053,0.6046
