AA,P3,P2,P1,P1',P2',P3'
G,-2.2638,-0.2832,-2.0734,-0.3967,0.1602,0.3411
P,-2.205,0.5827,-0.43,-1.9242,-1.1052,-0.9241
A,-0.0351,-2.3763,0.8334,-1.0753,-0.6649,-1.0676
V,0.1993,-0.5569,1.975,0.7434,-1.0231,-0.8432
L,-0.5409,-0.2972,-1.6723,-0.5821,0.2361,-0.2616
I,-0.6638,-1.683,-1.4732,-0.3828,0.0199,0.6141
M,-0.6395,0.3411,-0.4491,0.7675,-0.4133,0.7671
F,0.1724,0.5679,-0.2225,0.8672,0.6853,0.4503
Y,3.0419,2.8297,-0.7682,-0.6781,0.1395,0.9036
W,0.1746,0.1546,0.3634,0.4541,1.2739,0.4556
S,0.2048,-0.6229,-0.8288,0.9982,-0.1815,0.4853
T,0.3562,0.8213,1.3934,0.8993,0.1333,-0.6858
C,-0.7451,0.2349,1.4437,-0.4668,-0.6491,-0.4689
N,-0.3889,0.1766,-1.199,-0.1086,-0.2895,0.8908
Q,-1.7998,-0.8193,-1.6099,-1.5195,0.6205,0.8006
D,-1.7905,-0.225,-0.6007,-0.5102,0.8948,-0.5098
E,-1.3768,0.1887,-2.1868,-0.0955,-0.6901,-0.0947
K,-0.0636,-2.084,0.4464,-1.7858,-0.967,-0.202
R,0.281,-2.0605,-0.8514,0.2393,0.38,-0.7606
H,1.3865,0.0449,-0.7459,0.9288,0.7467,-0.6585
