AA,P3,P2,P1,P1',P2',P3'
G,0.2256,0.1189,-0.8808,-0.5983,-0.5978,-0.5975
P,0.2843,1.4994,-0.8223,-0.5409,-0.5413,-0.5408
A,-0.8676,-0.9742,-0.9739,-0.692,-0.686,-0.6843
V,0.3668,-0.7397,-0.7392,-0.4583,-0.4592,-0.4598
L,-1.3735,-0.48,-1.4797,-1.1988,-1.2,-1.2002
I,-0.1744,-0.2809,-0.2805,1.5855,0.9988,-0.0026
M,0.8499,0.7432,0.7436,1.1509,1.1506,1.1504
F,0.0769,1.555,-0.0299,0.2505,1.2492,0.2486
Y,0.5313,0.4245,0.4244,0.7052,0.7034,0.7019
W,1.6639,1.5567,1.5561,1.8375,1.8378,1.8389
S,-0.1132,-1.2208,-1.2211,-0.9404,-0.9395,0.0612
T,-0.4763,-0.5839,-0.5839,-0.3023,0.6972,-0.3025
C,0.7443,0.637,0.6363,0.9165,0.9148,0.9144
N,0.1005,-0.0062,-0.0063,0.2747,0.2744,0.2741
Q,-0.3104,-0.4172,-0.4173,-0.1361,-0.1375,-0.138
D,-0.3011,-0.4079,-0.4081,-0.1269,-0.1263,-0.1265
E,-0.8874,-0.9941,-0.9942,-0.7122,-0.7112,-0.7114
K,-0.5742,-0.6819,0.9021,-0.4024,-0.4031,-0.4036
R,0.4484,-0.6584,2.1486,-0.3774,-0.378,1.2077
H,1.554,0.447,0.4467,1.7272,0.7256,0.7249
