AA,P3,P2,P1,P1',P2',P3'
G,0.5337,0.8559,-1.4658,0.2248,0.6404,-1.3593
P,0.9144,1.5925,-1.4073,-1.3027,-0.3032,1.0193
A,0.0255,0.7627,-1.5589,0.1311,0.1372,-1.4461
V,-1.3251,-1.3247,-1.3242,-0.2201,-1.2211,-1.2217
L,-1.0653,-2.065,-2.0647,-1.9606,-0.3769,-0.9621
I,0.7187,-0.8659,-0.8655,0.8237,0.237,1.2356
M,0.158,0.1582,0.1586,0.389,1.3887,0.3886
F,-0.615,-0.615,-0.6149,-0.5113,0.4874,1.4868
Y,-0.1606,0.8395,-0.1605,-0.0566,1.5265,-0.0599
W,0.9721,0.9717,0.9711,1.0756,1.0759,1.0771
S,-1.8051,-1.8057,-1.8061,0.6197,-0.7013,-0.1156
T,-0.1682,-0.1689,-1.1689,1.2578,-0.0646,0.5206
C,1.0524,1.637,0.0514,0.1547,0.153,0.1526
N,0.4086,-0.5912,-0.5913,-0.4871,-0.4874,-0.4878
Q,-1.0023,0.5828,-1.0022,0.102,0.1007,-0.8999
D,0.007,-0.9929,-0.993,-0.8887,0.1119,0.6966
E,-1.5793,-1.5791,-1.5791,-0.474,-1.473,-1.4732
K,0.3189,-0.2669,1.5395,-1.1643,-1.1649,-0.1655
R,-0.2435,-1.2434,2.8438,-1.1392,0.4451,-1.1391
H,1.8621,-0.138,-0.1382,1.5503,-0.0362,0.963
