AA,P3,P2,P1,P1',P2',P3'
G,-0.2616,0.1591,-3.5812,0.8928,0.3408,1.0192
P,0.3277,0.6871,-3.5228,-3.5092,-0.3397,-0.1872
A,0.6452,0.453,-3.6744,-0.3384,1.2999,-0.0676
V,0.6166,-0.0781,-3.4397,-0.1046,0.7424,0.7418
L,-1.4456,-0.1403,-4.1801,-1.1671,-0.361,-0.081
I,0.4904,0.3807,-2.981,0.4917,1.118,-0.1635
M,-0.2223,0.083,-1.9569,-0.2325,0.1823,-0.2329
F,0.0047,-0.3683,-2.7303,-2.7178,0.4508,-0.7197
Y,-2.1258,-0.2358,-2.276,-1.263,-0.6799,-1.2664
W,-0.9932,-1.1035,-1.1444,-0.1308,-1.1305,-1.1294
S,-0.3109,-0.881,-3.9216,-0.4493,-0.4483,-0.2066
T,0.6739,0.3408,-3.2844,-0.2706,-0.1012,0.3142
C,0.0872,-0.4383,-2.0641,-0.4668,-0.4685,-2.0539
N,0.9028,0.6555,-2.7068,-0.6936,-0.1089,0.1132
Q,0.6174,0.5075,-3.1177,0.2175,0.4792,0.3531
D,-1.9582,-1.4832,-3.1085,-3.0952,-3.0946,0.0751
E,-1.9595,-1.6544,-3.6946,-3.6805,-2.0945,-1.3577
K,0.4691,0.9057,-2.3833,2.3017,-0.564,0.876
R,0.2507,-1.7337,3.9807,0.5612,-1.3463,-1.7606
H,-2.1031,0.1086,-2.2537,0.3439,-0.6577,-1.2434
