AA,P3,P2,P1,P1',P2',P3'
G,-0.8813,1.0683,-0.9314,-0.7186,-0.7181,-0.7178
P,-0.8226,-0.8732,-0.8729,-0.6612,-0.6616,-0.6611
A,-0.9745,1.5601,-1.0246,-0.8123,-0.8063,-0.8046
V,-0.7401,-0.7904,-0.7899,-0.5785,-0.5795,-0.5801
L,1.6896,-1.5307,-1.5303,-0.3191,-1.3203,0.2644
I,-0.2813,-0.3316,-0.3312,-0.1197,-0.1215,-0.1229
M,0.743,0.6926,0.6929,1.0306,1.0303,2.0301
F,-0.0301,-0.0806,-0.0805,0.1302,0.1289,1.1283
Y,0.4244,0.3738,0.3738,0.5849,0.5831,0.5816
W,1.557,1.5061,1.5055,1.7172,1.7175,1.7186
S,-1.2201,-0.2714,-1.2717,1.2612,-1.0598,-1.0591
T,-0.5832,-0.6346,-0.6345,-0.4226,-0.4231,-0.4228
C,0.6374,0.5864,0.5857,0.7962,0.7945,0.7941
N,-0.0064,-0.0569,-0.0569,0.1544,1.1541,0.1538
Q,-0.4173,-0.4678,-0.4679,-0.2564,-0.2578,-0.2583
D,-0.408,-0.4585,-0.4587,-0.2472,0.7534,-0.2468
E,-0.9943,-1.0448,-1.0448,-0.8325,0.7535,0.1683
K,-0.6811,-0.7326,0.2665,-0.5227,-0.5234,-0.5239
R,-0.6585,-0.7091,2.4606,-0.4977,-0.4983,-0.4975
H,0.4471,0.3963,0.3961,0.6069,1.6053,0.6046
