AA,P3,P2,P1,P1',P2',P3'
G,-1.0282,-1.0738,-1.0734,-0.9817,-0.9811,1.3411
P,-0.9694,0.5698,-1.015,-0.9242,-0.9247,-0.9241
A,-1.1214,-0.1669,-1.1666,0.9247,-1.0693,-0.0676
V,-0.887,-0.9324,-0.9319,1.4803,1.7424,-0.8432
L,0.6947,-0.6727,-1.6723,-1.5821,-1.5834,-1.5835
I,-0.4282,-0.4736,-0.4732,0.6172,0.6155,-0.3859
M,0.5961,0.5506,0.5509,0.7675,0.7672,0.7671
F,2.145,-0.2226,-0.2225,-0.1328,-0.1341,0.8653
Y,0.2776,0.2318,0.2318,0.3219,0.3201,0.3186
W,1.4102,2.3641,1.3634,1.4541,1.4544,1.4556
S,-1.367,-0.4134,-1.4138,-1.3238,-1.3228,-1.3221
T,-0.7301,1.8084,-0.7766,0.3144,-0.6861,1.3142
C,0.4905,0.4444,0.4437,0.5332,0.5315,0.5311
N,-0.1533,-0.1989,-0.199,-0.1086,-0.1089,0.8908
Q,0.4358,-0.6098,-0.6099,-0.5195,-0.5208,-0.5214
D,-0.5549,-0.6006,-0.6007,-0.5102,0.4904,-0.5098
E,-0.1411,-1.1868,-1.1868,-1.0955,0.9055,-1.0947
K,0.1721,-0.8746,0.1245,-0.7858,-0.7864,-0.7869
R,-0.8053,-0.8511,2.7336,-0.7607,-0.7613,-0.7606
H,0.3002,1.2543,0.2541,1.3439,0.3423,0.3415
