AA,P3,P2,P1,P1',P2',P3'
G,-0.4315,-2.0163,-2.0621,0.7068,0.1888,0.6284
P,-1.9577,1.0423,-3.0036,-1.9362,-2.9247,0.422
A,0.7972,0.4756,-2.1553,0.3721,-0.2619,0.4161
V,1.3726,1.2126,-2.9206,0.3164,-0.5206,0.8815
L,-0.6155,-0.0302,-0.4911,-2.5941,0.6646,-0.7519
I,-0.0945,-0.8311,-2.4619,-0.0728,-2.3845,-1.3617
M,1.1928,0.193,-1.4378,0.7556,0.3522,0.3763
F,-0.1652,0.6422,3.3737,0.6626,-0.5492,-0.1104
Y,-1.7108,-1.7107,3.7025,-0.1051,-0.6799,-0.0722
W,0.4219,1.0065,2.3748,0.4422,0.4544,-0.5201
S,0.4521,0.1035,-3.4025,0.9122,0.1366,0.5095
T,-0.3965,0.7403,-2.7653,0.4723,-1.1012,0.3384
C,0.0872,-0.4981,-1.545,0.1062,-1.4685,-1.4447
N,-1.1416,-0.1414,-2.1876,-0.1206,-0.5239,-0.5
Q,0.6174,0.255,-2.5986,-0.2095,-0.5208,-0.9122
D,-0.5432,-2.5431,-2.5894,-0.5222,1.6603,-0.4856
E,-0.1295,-1.5443,-3.1755,0.0625,1.3649,-0.4855
K,-0.8163,-1.2321,-2.8642,-1.2128,-2.7864,-2.7627
R,-1.2087,-0.7936,-2.8401,-0.7727,-2.7613,-1.1514
H,-0.1031,-1.6882,-1.7346,-0.0831,0.3423,1.5357
