AA,P3,P2,P1,P1',P2',P3'
G,0.7402,0.1637,-0.0583,0.4334,-0.5661,1.4342
P,-1.523,1.2223,-2.5848,-2.5092,-0.5096,0.0759
A,-1.09,-0.7367,-1.1515,0.1471,-1.0693,-1.0676
V,-0.1186,-0.9173,-2.5017,-0.1046,1.2729,-0.4281
L,-1.5958,-0.4352,-3.2422,-0.3597,0.7386,-1.5835
I,-1.9818,-1.0434,-2.043,2.1197,1.3525,-0.3859
M,-0.9575,-1.0193,-1.0189,-0.8174,0.1823,0.1821
F,0.8545,0.7925,-0.7924,-0.1328,0.6028,-0.7197
Y,-0.276,-1.338,-1.3381,0.737,0.3201,0.7336
W,-0.1434,-0.2058,-0.2064,-0.1308,-0.1305,0.8706
S,0.4014,0.8241,-2.9836,-0.1014,-0.1004,-0.3221
T,0.7163,0.2385,-2.3464,-0.6856,-0.2711,-1.2708
C,0.5219,-1.1255,-0.1262,-0.0518,-1.0535,0.9461
N,0.2931,0.2313,-1.7688,0.3064,-1.6938,0.3058
Q,0.8822,-0.1797,-2.1798,-0.5195,-2.1058,-0.5214
D,0.2134,0.8296,-0.5856,0.4898,-0.5096,0.2271
E,-0.1098,-1.1717,-2.7567,-1.0955,-0.6795,0.3203
K,-0.0596,-1.4444,1.5546,0.2142,-0.3714,-0.05
R,0.226,-0.4209,3.2226,-2.3457,-1.3463,-0.3455
H,-0.2534,0.2694,-1.3158,-1.2411,0.3423,0.7566
