AA,P3,P2,P1,P1',P2',P3'
G,-1.2284,0.7438,-2.7049,-0.8551,0.2431,0.0255
P,-2.8701,1.8396,-3.6464,-4.8566,-3.857,0.1733
A,0.5828,1.2262,-0.583,1.1421,1.6374,0.6535
V,0.4729,-0.1243,-3.3707,-0.2714,0.1637,-0.075
L,-0.6371,-0.5734,2.4319,-1.5758,-0.0238,-0.9511
I,-0.5562,-1.3899,-1.742,-0.1996,-0.3472,-0.5456
M,0.198,0.1982,2.612,0.3377,0.4199,-0.1064
F,-0.5332,-1.4925,-0.9609,-1.6501,0.6705,-1.482
Y,0.1495,-0.5076,-2.3997,-0.803,1.1247,-0.4982
W,-2.0755,-2.4908,-4.0754,-3.0631,-4.0628,-1.7397
S,0.0422,-0.7447,-1.329,1.0956,0.3791,0.194
T,-0.066,-0.6017,-0.434,0.3206,-0.3454,-0.3702
C,-0.8252,-1.536,0.0493,0.4422,-1.9858,-1.4012
N,0.1425,-1.4688,-0.2115,0.6961,-0.1667,-0.6723
Q,0.7184,-0.3217,-0.5569,-0.1298,-0.9088,0.0906
D,0.1493,-1.8705,-4.0395,-0.3836,-0.8174,1.0814
E,1.3505,-0.2004,-2.9252,-0.5684,-1.4023,0.8475
K,-0.1843,0.095,-0.922,1.3974,0.2355,0.6958
R,-0.6471,-1.7059,-1.4322,-2.4706,-2.8192,-2.371
H,-1.1854,-2.1855,-2.8628,-1.714,-0.9271,-1.7163
