AA,P3,P2,P1,P1',P2',P3'
G,-0.3219,-0.3217,-1.3954,-0.3227,-1.2035,-0.2032
P,-1.2632,1.3219,-1.3369,-1.2653,-1.1471,-0.1465
A,-1.4151,-1.4148,-1.4885,1.1686,0.2933,-0.29
V,0.8193,-1.1803,-1.2538,-1.1826,0.52,-1.0656
L,-0.336,-1.9206,-1.9943,-0.9231,0.7792,0.1941
I,-0.7219,-0.7215,-0.7951,-0.7238,0.9781,-0.6083
M,0.3024,0.3026,0.229,1.4265,0.5448,2.5447
F,-0.4706,1.1144,-0.5445,-0.4738,0.6435,-0.3571
Y,0.9838,2.3058,-0.0902,1.5658,0.0977,0.0962
W,1.1165,2.1161,1.0415,1.1131,1.232,1.2332
S,-0.6607,-1.6613,-1.7357,-0.0798,-1.5452,-0.5445
T,-0.0238,-0.0245,-1.0985,-1.0267,0.0915,0.0918
C,0.1968,0.1965,0.1217,0.1921,0.3091,0.3087
N,-0.447,-0.4468,-0.5209,-0.4496,-0.3313,0.6684
Q,1.464,0.1423,-0.9318,0.1395,0.2568,-0.7438
D,0.7363,-0.8485,-0.9226,0.1487,-0.732,0.2678
E,-1.4349,0.1502,-1.5087,-1.4365,-1.3169,-0.3171
K,-0.1217,-0.1225,1.1245,0.4582,-0.0088,-1.0093
R,-0.0991,-1.099,2.9142,-0.1018,-0.9837,0.017
H,1.0065,0.0064,-0.0678,1.0028,0.1199,0.1191
