AA,P3,P2,P1,P1',P2',P3'
G,0.9971,1.0754,-1.7459,0.2896,-0.1952,1.0681
P,-0.3227,1.0271,-1.6874,-0.8753,-0.8758,0.3472
A,-0.2116,-0.2401,-2.839,-0.6114,1.3015,-0.6037
V,-0.2402,0.4094,-2.6043,-0.7927,1.3218,-1.3792
L,-0.495,-0.3309,-1.7598,-0.7962,-0.3121,-0.7977
I,-0.5184,-2.1318,-2.1456,0.8886,0.4014,0.4
M,0.5059,-1.1077,-1.1215,1.5534,-0.7688,1.5529
F,0.4699,1.4411,-0.895,0.3311,0.6518,-0.0858
Y,-1.3976,-0.4264,-0.4406,0.3708,-0.216,0.7826
W,-0.265,0.7059,-0.309,-0.0819,0.9184,1.5045
S,-0.2348,0.6288,-1.5012,1.5325,0.6006,-0.0508
T,-0.0833,0.1502,-1.449,0.1002,-1.2222,-0.6369
C,-1.1846,-0.2138,-1.2288,-1.0029,-1.0045,-1.005
N,-0.8284,-0.8571,-1.8714,0.3553,-0.6449,0.9397
Q,0.568,-0.6831,-2.2823,-2.0555,-1.0569,-0.4725
D,0.5773,-0.6738,-2.2731,-0.0463,0.5393,0.5391
E,-0.4944,-2.845,-2.8592,-1.6315,-2.6306,-1.6308
K,0.3042,-1.5328,0.9115,-2.3218,-2.3225,-1.323
R,-0.1586,-1.5093,3.4762,-1.2968,-1.2974,-0.7117
H,0.6251,-0.4039,-1.4183,0.8078,-1.1938,0.8055
