AA,P3,P2,P1,P1',P2',P3'
G,-0.074,0.9262,-1.0734,-0.5983,0.4022,-0.5975
P,-1.0152,1.7922,-1.015,-0.5409,-0.5413,0.4592
A,1.1548,-1.1669,-0.1666,-0.692,-0.686,-0.6843
V,0.0672,-0.9324,0.0681,1.1267,-0.4592,-0.4598
L,-0.673,-1.6727,-1.6723,-1.1988,-0.2,-1.2002
I,-0.474,-0.4736,-0.4732,0.0006,-0.0012,0.9974
M,0.5503,0.5506,0.5509,1.1509,1.1506,1.1504
F,0.7773,-0.2226,0.7775,0.2505,0.2492,0.2486
Y,0.2318,0.2318,0.2318,0.7052,0.7034,0.7019
W,1.3644,1.3641,1.3634,1.8375,1.8378,1.8389
S,-1.4128,-0.4134,-1.4138,0.0596,-0.9395,-0.9388
T,-0.7759,0.2234,-0.7766,-0.3023,-0.3028,-0.3025
C,0.4447,0.4444,0.4437,0.9165,0.9148,0.9144
N,-0.1991,-0.1989,-0.199,0.2747,0.2744,0.2741
Q,-0.61,-0.6098,-0.6099,-0.1361,-0.1375,-0.138
D,0.3993,-0.6006,-0.6007,-0.1269,-0.1263,0.8735
E,-1.1869,-1.1868,-1.1868,-0.7122,0.2888,-0.7114
K,1.1263,0.1254,0.1245,-0.4024,-0.4031,-0.4036
R,-0.8511,-0.8511,2.3185,-0.3774,-0.378,-0.3773
H,0.2544,0.2543,0.2541,0.7272,0.7256,0.7249
