AA,P3,P2,P1,P1',P2',P3'
G,0.2466,0.5906,-3.8216,1.1179,-0.4665,0.9488
P,-1.6947,2.5788,-3.7632,-3.5796,-0.4101,-0.1201
A,0.1534,0.5646,-3.9148,1.1273,0.4453,-0.2635
V,-0.0273,0.5876,-3.6801,-0.4969,0.5896,-0.1766
L,-1.3525,0.0588,-3.4205,-0.537,0.0092,0.1534
I,0.8466,-0.2015,-3.2214,-0.0381,0.2821,0.4182
M,0.1928,-1.1774,-2.1973,-0.8878,-0.3031,-0.8883
F,-0.3172,-0.6286,-2.9707,-0.4662,1.1174,-0.79
Y,-0.1258,-2.4961,-2.5164,-1.3334,0.9867,-0.7518
W,0.2699,-1.3639,-1.3848,-1.2012,-1.2009,-1.1997
S,0.0777,-1.8194,-4.162,1.6647,-0.8082,0.11
T,0.5446,-0.9195,-3.5248,0.3594,0.2435,-0.1712
C,0.5726,-2.2835,-2.3045,-2.1222,0.1981,-2.1243
N,0.4434,-0.3418,-2.9472,-2.764,-0.7642,-0.1796
Q,0.0325,-0.5304,-3.3581,-1.5898,0.6312,0.7302
D,0.0418,-3.3285,-3.3489,-3.1656,-3.165,-2.1652
E,-1.2815,-3.9147,-3.935,-3.7508,-1.7499,-1.4281
K,0.1472,-3.6025,1.0767,-1.8562,0.3656,0.6452
R,0.7173,-3.579,3.7927,-0.0941,-0.0948,0.169
H,-0.1031,-1.4736,-0.9091,1.0104,0.0088,0.4935
