AA,P3,P2,P1,P1',P2',P3'
G,-0.1213,0.6523,-3.4715,0.7379,0.8878,0.0449
P,-2.9694,1.2958,-3.413,-2.986,-1.6645,0.336
A,-0.3665,0.3181,0.8504,0.1848,-0.0018,-0.2714
V,-0.0796,0.0474,2.265,-0.3184,-0.4449,0.7098
L,-0.5398,0.3529,-0.6109,-1.2516,0.8143,0.2616
I,0.6162,0.1959,2.5438,-0.1966,0.5537,-0.0554
M,1.503,1.1611,-1.8471,1.7932,0.0274,0.0272
F,-0.5919,0.0509,-0.7461,-0.1071,1.126,-0.3891
Y,0.1845,-1.1576,-2.1663,0.167,0.5062,-0.4212
W,-1.5898,-1.6104,-2.6196,-1.0227,1.2996,-1.0212
S,-0.4601,-0.3434,-1.2268,0.7642,-0.2971,-0.0619
T,0.5553,0.2934,1.0218,1.0855,-0.426,-0.2881
C,-0.05,-0.7227,-1.5393,-0.7213,-0.3603,-0.3608
N,0.3703,-1.1733,0.066,0.6876,0.6873,0.7832
Q,0.7212,-0.4143,-3.008,-0.0577,-0.8822,0.1173
D,-0.0955,-1.99,-3.5837,-0.3241,-0.9864,0.5577
E,0.9882,-0.7689,-4.1698,-1.8353,-1.3489,-0.5715
K,-0.7405,-1.3896,-3.8585,-0.5996,-1.3888,-0.0414
R,-0.998,-1.3661,-2.2494,-0.9156,-1.0158,-2.2374
H,0.3002,-0.3982,-3.7289,0.53,-0.0191,-0.3983
