AA,P3,P2,P1,P1',P2',P3'
G,0.3817,1.6783,-1.3214,1.2472,-1.0742,0.511
P,-0.1445,-1.2631,-1.2629,-1.0173,-0.0178,-1.0172
A,-1.2964,0.1701,-1.4145,-0.1684,-1.1624,-0.1607
V,-1.0621,-1.1803,-0.1798,0.6503,1.0643,0.0637
L,-0.8023,-0.9206,-1.9203,-1.6752,0.3235,-1.6767
I,0.3968,-0.7215,-0.7211,1.1091,-0.4776,-0.479
M,0.421,0.3026,0.303,0.6744,0.6741,0.674
F,-0.352,-0.4706,-0.4705,-0.2259,0.7728,-0.2278
Y,1.1025,-0.0161,-0.0162,1.2288,1.227,1.8105
W,1.2351,2.1161,1.1155,1.361,1.3613,1.3625
S,1.4579,0.9236,-1.6617,-0.4169,-1.4159,-0.4152
T,0.0948,-1.0245,-1.0245,-0.7787,-0.7792,0.806
C,0.3155,0.1965,0.1957,0.4401,0.4384,0.438
N,-0.3283,0.5532,-0.4469,-0.2017,-0.202,0.7976
Q,0.2607,-0.8577,-0.8578,-0.6126,-0.6139,-0.6145
D,-0.73,-0.8485,-0.8486,-0.6033,-0.6027,-0.6029
E,-1.3162,-1.4347,-1.4347,-1.1886,-1.1876,0.3971
K,-1.003,-0.1225,1.1985,-0.8789,-0.8795,-0.88
R,-0.9804,-1.099,2.708,0.1462,1.1456,-0.8537
H,0.1251,0.0064,0.0062,0.2508,0.2492,0.2484
