AA,P3,P2,P1,P1',P2',P3'
G,0.1187,0.4344,-1.5653,-1.029,-0.0284,1.5568
P,-0.4075,1.0779,-1.5068,-0.9715,-0.972,-0.9714
A,-1.5595,-1.6587,-1.6584,0.4623,-0.1166,-1.1149
V,0.2599,-0.4242,-1.4237,-0.8889,1.4321,0.1095
L,-0.0653,-0.5796,-2.1642,-0.6294,-1.6307,-1.6309
I,-0.8663,-0.9654,-0.965,2.5699,1.5682,-0.4332
M,0.158,0.0587,0.0591,0.7202,0.7199,0.7198
F,0.385,0.8705,-0.7144,-0.1801,0.8186,-0.182
Y,-0.1606,-0.26,-0.2601,0.2746,0.2728,0.2713
W,0.9721,0.8722,0.8716,1.4068,1.4071,1.4083
S,-0.2201,0.6797,-1.9056,-1.3711,-1.3701,-1.3694
T,-0.1682,0.7316,-1.2684,0.2671,-0.7334,-0.7331
C,0.0524,-0.0475,-0.0482,0.4859,0.4842,0.4838
N,-0.5914,0.3093,-0.6908,-0.1559,-0.1562,1.4284
Q,1.3196,-1.1017,-1.1018,-0.5668,-0.5681,0.4313
D,1.007,-1.0924,-1.0926,-0.5575,-0.5569,-0.5571
E,0.4207,-1.6786,-1.6787,-1.1428,-1.1418,-1.142
K,-1.2661,-0.3664,0.9546,-0.8331,0.1663,0.1658
R,-1.2435,0.242,3.1162,-0.808,-0.8086,-0.8079
H,-0.1379,-0.2375,-0.2378,0.2966,0.295,1.2942
