AA,P3,P2,P1,P1',P2',P3'
G,-0.1614,-0.028,-3.1069,0.8434,-2.0629,1.3968
P,-0.3251,0.3526,-3.0484,-3.006,-1.4215,-0.1986
A,0.938,1.0488,-3.2,-0.1571,1.0188,-0.5644
V,-0.0202,0.1134,-2.9653,0.9835,1.7761,0.66
L,-1.5678,0.4606,-3.7058,0.1434,0.4223,-0.0804
I,1.0907,-0.8428,-2.5066,0.1204,0.7036,0.7022
M,0.2405,-0.4036,-1.4825,-0.3143,-0.3146,0.6853
F,0.6898,1.2826,-2.256,-1.2146,0.7841,-1.2165
Y,-0.0781,-0.1374,-1.8016,-0.1749,0.5602,-0.1782
W,0.4696,-0.5901,-0.67,0.3724,-0.6274,-0.6262
S,-0.9857,-0.0457,-3.4472,0.0539,-0.8196,-0.8189
T,0.6512,0.4392,-2.81,0.0399,-0.1829,-0.1826
C,-0.4501,0.0752,-1.5897,0.0363,0.0347,-1.5507
N,-0.0939,0.4319,-2.2324,0.1315,0.1312,-0.191
Q,1.1956,-2.564,-2.6433,-1.0163,-0.2807,0.5668
D,-1.4955,-2.5548,-1.6341,-1.592,-1.5914,-0.0067
E,-2.0818,-3.141,-3.2202,-2.1773,-3.1763,-3.1765
K,-0.4466,-0.5068,-1.324,1.1324,-0.8682,0.5907
R,0.254,-0.4833,3.8834,0.1575,-1.2582,-1.8424
H,-0.6404,-0.6999,-1.7793,-0.7379,-1.7395,-0.1553
