AA,P3,P2,P1,P1',P2',P3'
G,-0.7744,0.7039,-0.8808,-0.7186,-0.7181,-0.7178
P,-0.7157,-0.8225,-0.8223,-0.6612,-0.6616,-0.6611
A,-0.8676,1.6107,-0.9739,-0.8123,-0.8063,-0.8046
V,0.3668,-0.7397,-0.7392,-0.5785,-0.5795,-0.5801
L,0.6265,-1.48,-1.4797,-0.3191,-1.3203,0.2644
I,0.8256,-0.2809,-0.2805,-0.1197,-0.1215,0.8771
M,0.8499,0.7432,0.7436,2.0306,1.0303,2.0301
F,0.0769,-0.03,-0.0299,0.1302,0.1289,0.1283
Y,0.5313,0.4245,0.4244,0.5849,0.5831,0.5816
W,1.6639,1.5567,1.5561,1.7172,1.7175,1.7186
S,-1.1132,-1.2208,-1.2211,-0.0607,-1.0598,-1.0591
T,-0.4763,-0.5839,-0.5839,-0.4226,0.5769,-0.4228
C,0.7443,0.637,0.6363,0.7962,0.7945,0.7941
N,0.1005,-0.0062,-0.0063,0.1544,1.7391,0.1538
Q,-0.3104,-0.4172,0.5827,-0.2564,0.7422,-0.2583
D,-0.3011,-0.4079,-0.4081,0.7528,-0.2466,-0.2468
E,-0.8874,-0.9941,0.0058,0.1675,-0.8315,0.1683
K,0.4258,0.3181,0.9021,-0.5227,-0.5234,-0.5239
R,-0.5516,-0.6584,1.6632,-0.4977,-0.4983,-0.4975
H,0.554,0.447,0.4467,0.6069,1.6053,0.6046
