AA,P3,P2,P1,P1',P2',P3'
G,0.2118,-0.1733,-2.0958,1.4074,0.4079,1.4082
P,-1.1445,0.5374,-3.0373,-2.9946,-0.1877,0.0055
A,0.7036,0.7336,-2.1889,-1.1457,-0.3323,0.3214
V,0.1603,-0.0319,-2.9543,1.088,1.7875,0.0864
L,-0.5799,-0.1201,-2.1097,-0.6525,-2.0688,-0.069
I,0.1337,-0.0585,-2.4955,0.1318,0.715,0.3511
M,0.421,0.6437,-1.4715,-0.3028,-0.3031,-0.3033
F,0.648,-0.5446,-2.2449,-2.2032,0.3805,-0.6201
Y,-0.4825,0.3249,-1.7906,-0.1635,-0.7503,-0.7518
W,-0.3499,-0.5428,-0.6589,0.3838,-0.6159,-0.6148
S,0.1949,-1.7353,-3.4361,-0.3942,-0.8082,0.4149
T,-0.1682,0.3165,-2.7989,-0.4341,-0.4346,-0.4343
C,-0.2695,-0.4625,-1.5787,0.0477,-1.5389,-0.5393
N,-0.9133,0.4792,-2.2213,-2.179,-0.5943,-0.5947
Q,1.4831,1.0683,-2.6323,-1.5898,1.4088,0.4082
D,-2.3149,-1.5074,-2.6231,-2.5806,-1.58,-0.5802
E,-2.9012,-3.0937,-3.2092,-3.1659,-2.1649,-2.1651
K,0.2194,0.3885,-1.8979,1.7288,0.1432,-0.5354
R,0.4346,0.412,3.8542,0.7539,-0.8317,-2.831
H,-1.4598,-1.6526,-1.7683,0.2735,0.5938,0.8561
