AA,P3,P2,P1,P1',P2',P3'
G,0.8904,-1.4313,-1.431,-0.3967,1.1888,2.511
P,-1.3728,-1.3727,-1.3725,-1.3393,-1.3397,-1.3392
A,-1.5247,-0.5244,-1.5241,0.5096,0.1006,-0.4826
V,-0.2903,-1.2899,-1.2894,-1.2566,1.0643,-0.2582
L,-1.0306,-2.0302,-2.0299,-1.9971,0.3235,-1.9986
I,-0.8315,-0.8311,-0.8307,1.2022,-0.7995,-0.801
M,0.1928,0.193,0.1934,2.9375,1.9372,0.352
F,-0.5803,-0.5802,-0.5801,0.4522,-0.5492,-0.5497
Y,0.8742,1.8743,-0.1258,-0.0931,-0.0949,-0.0964
W,1.0068,1.0065,1.0059,2.6241,2.0394,1.0406
S,-0.1854,-0.771,-1.7713,-0.7388,-1.7378,-0.7371
T,-1.1334,-1.1341,-1.1341,-1.1007,-1.1012,-1.1008
C,0.0872,0.0868,0.0861,1.7031,0.1165,1.701
N,1.0283,-0.5564,-0.5565,-0.5236,-0.5239,-0.5243
Q,-0.9675,-0.9674,-0.9675,0.0655,-0.9359,0.0636
D,2.2117,2.6269,-0.9583,-0.9253,-0.9247,-0.9249
E,0.0405,1.0406,-1.5444,-1.5105,-1.5095,-1.5097
K,-1.2313,-1.2321,1.7669,-1.2008,-0.2014,-1.202
R,-1.2087,-1.2086,2.698,-0.1758,-0.1764,-1.1756
H,-0.1031,-0.1032,-0.1035,-0.0712,-0.0728,-0.0735
