AA,P3,P2,P1,P1',P2',P3'
G,-0.5002,-3.0961,-3.1609,-0.086,-0.7635,0.7676
P,-3.0265,-0.0375,-3.1024,-1.4436,-0.7071,-0.983
A,-0.5934,-1.1893,-3.254,0.2798,1.2187,-0.8046
V,-0.359,-1.9547,-3.0194,-0.9459,1.7536,-0.9021
L,-1.0993,-2.6951,-3.7598,-2.6864,0.8359,-0.4725
I,-0.4852,-2.496,-2.5606,-2.4871,0.6811,0.3625
M,0.1241,-1.4718,-1.5365,-0.3368,-1.3371,-1.2918
F,-0.2339,-2.245,-2.31,0.7629,-0.6535,-0.6086
Y,-1.7795,-1.7906,-1.8557,1.0249,-1.7842,-0.7403
W,-0.6468,-0.6583,-0.724,-0.6502,0.3501,-0.6033
S,0.3834,-1.8508,-3.5012,1.7012,-0.8422,0.4264
T,0.3828,-1.214,-2.864,-1.79,0.7945,0.0627
C,-1.5665,-1.578,-1.6438,0.7508,-1.5728,-0.5278
N,0.1116,-2.2212,-2.2864,-2.2129,-2.2132,0.4168
Q,0.9637,-2.6322,-2.6974,-0.0388,-2.6252,0.0047
D,-1.027,-2.6229,-2.6882,0.8449,-0.292,1.3382
E,-1.6132,-1.6242,-3.2743,0.3851,-2.1988,0.6538
K,1.7,2.8844,-0.6411,-2.8901,-1.3058,-0.5239
R,0.8381,2.412,3.8813,-1.2801,-2.8657,-1.2345
H,1.0505,-1.768,-1.8334,0.8245,-1.7621,-0.1324
