AA,P3,P2,P1,P1',P2',P3'
G,1.4406,-2.9066,-2.9314,-0.5473,0.5908,0.7297
P,-1.2376,-0.8481,-2.8729,-2.8118,-0.8122,1.3713
A,0.0255,-1.4148,-3.0246,0.4966,1.4355,-1.9421
V,-0.7401,-1.7653,-2.7899,-2.7291,0.2699,-0.1327
L,-0.4804,-1.9206,-3.5303,-2.4696,-0.301,-1.1361
I,-1.2813,-2.3065,-2.3312,-1.2703,0.3129,-1.2604
M,0.3279,-1.2823,-1.3071,-1.12,-1.1203,-0.1074
F,0.9699,-2.0555,-2.0805,-0.0203,0.9784,-2.0092
Y,-0.5756,-1.6011,-1.6262,1.6043,0.0175,0.0291
W,-0.443,-0.4688,-0.4945,-0.4334,-0.4331,0.5811
S,0.3648,-2.2463,-3.2717,0.7887,-0.6254,-2.1966
T,0.5867,-0.6095,-2.6345,-2.5732,-1.5736,-2.5603
C,-1.3626,-1.3885,-1.4143,-1.3544,-0.356,-0.3434
N,-2.0064,-2.0318,-2.0569,0.5888,-0.9964,0.6013
Q,0.9046,-2.4427,-2.4679,1.2935,-0.4084,0.1891
D,-1.408,-1.4334,-2.4587,0.9242,-0.0752,0.4231
E,0.0057,-0.6978,-3.0448,0.017,-1.982,1.8382
K,-1.6811,2.965,0.0739,-0.6733,-1.6739,-2.6614
R,-1.6585,2.0709,3.7984,-1.6482,-0.3269,-1.635
H,1.032,-0.5786,-1.6039,2.1568,1.6247,-0.5329
