AA,P3,P2,P1,P1',P2',P3'
G,-0.61,-2.9441,-3.016,-0.9203,-0.5978,0.781
P,-2.8732,-0.0782,-2.9575,-1.2779,-0.5413,-1.2778
A,-0.4402,-1.0373,-3.1091,0.308,1.314,-0.6843
V,-0.2058,-1.8027,-2.8744,-0.7802,1.9193,-0.7818
L,-1.2091,-2.543,-3.6149,-2.5207,0.478,-0.3522
I,-2.3319,-2.3439,-2.4157,-2.3214,0.6769,-0.0026
M,0.2773,-1.3198,-1.3916,-0.1711,-1.1714,-1.1715
F,-0.0807,-2.093,-2.1651,0.736,-1.0727,-0.4883
Y,-1.6262,-1.6386,-1.7107,1.1907,-1.6185,-0.62
W,-0.4936,-0.5063,-0.5791,-0.4845,0.5158,-0.483
S,0.3142,-1.6988,-3.3563,1.7376,-1.2614,0.5467
T,0.5361,-1.062,-2.7191,-1.6242,0.8347,0.183
C,-1.4132,-1.426,-1.4988,0.5946,-1.4071,-1.4075
N,0.2649,-2.0692,-2.1415,-2.0472,-2.0475,0.5371
Q,0.9915,-2.4802,-2.5524,0.1269,-2.4594,-0.138
D,-0.8737,-2.4709,-2.5432,0.8731,-0.1263,1.252
E,-1.46,-2.0572,-3.1293,0.2878,-3.0331,0.5517
K,1.5162,2.8989,-0.818,-2.7244,-1.14,-0.4036
R,0.9913,2.323,3.8643,-1.6993,-2.6999,-1.1142
H,1.2038,-1.616,-1.6884,0.9902,-1.5963,-0.0121
