AA,P3,P2,P1,P1',P2',P3'
G,-0.4365,-2.2437,-3.2926,-0.2646,-0.6791,0.7968
P,-2.1851,-0.0152,-3.2341,-1.6222,-0.4002,-0.8246
A,-0.1672,-1.3368,-3.3857,-0.0363,1.2916,-0.705
V,-0.7808,-2.1023,-3.1511,-1.1245,1.575,-1.4806
L,-1.0356,-2.8426,-3.8915,-2.2801,0.6573,-0.3465
I,-0.6439,-2.6435,-2.6923,-1.6657,0.6545,0.199
M,0.3804,-1.6194,-1.6683,-0.5154,-1.5157,-1.4553
F,0.1923,-2.3926,-2.4417,0.9062,-0.4171,-0.7721
Y,-1.9382,-1.9381,-1.9874,1.039,-1.9628,-0.9038
W,-0.8055,-0.8059,-0.8557,-0.8288,0.1715,-0.7668
S,0.5048,-1.2614,-3.6329,1.6412,-1.0208,0.4555
T,0.2241,-0.9465,-2.9957,-0.9686,0.7314,-0.1008
C,-1.7252,-1.7255,-1.7755,0.2502,-1.7514,-1.6913
N,0.216,-2.3688,-2.4181,-0.8066,-2.3918,0.2533
Q,0.6795,-2.7797,-2.8291,0.1976,-2.8038,0.0636
D,-1.1857,-2.7705,-2.8199,0.7918,-0.2076,1.2678
E,-0.7719,-1.7718,-3.406,0.2065,-2.3774,0.4903
K,1.5413,2.8624,-0.7728,-2.0687,0.1006,0.1606
R,0.7863,2.3713,3.9067,-1.4587,-3.0443,-0.661
H,0.8918,-0.9156,-1.9651,1.2309,-1.9407,0.1191
