AA,P3,P2,P1,P1',P2',P3'
G,-0.7464,-1.7462,-1.7459,1.4513,-1.7181,-1.7178
P,-1.6876,-0.1026,-1.6874,-1.6612,-1.6616,-0.6611
A,-1.8396,-1.8393,-0.254,1.3576,-0.2213,-0.2196
V,-1.6052,0.7171,-1.6043,-0.5785,-1.5795,-1.5801
L,-2.3454,2.0472,1.9772,-2.3191,0.0016,-0.3205
I,-1.1464,0.854,-1.1456,-0.1197,-0.1215,-0.1229
M,-0.1221,-0.1219,-0.1215,0.0306,0.0303,0.0301
F,-0.8951,0.1049,0.105,0.1302,2.4508,2.7133
Y,-0.4407,-0.4406,-0.4406,0.5849,1.1681,-0.4184
W,0.692,0.6916,0.691,0.7172,0.7175,0.7186
S,0.7222,-2.0858,-1.0862,0.5242,-1.0598,-0.4741
T,0.1366,-1.449,-0.449,-0.4226,1.5769,-1.4228
C,0.7723,-0.228,-0.2288,-0.2038,-0.2055,-0.2059
N,1.1285,-0.8713,-0.8714,0.1544,-0.8459,-0.8462
Q,0.3025,-1.2822,-0.2823,-0.2564,-1.2578,-1.2583
D,-1.2731,-1.273,-1.2731,-1.2472,-0.2466,0.3382
E,-1.8594,-1.8592,-1.8592,-1.8325,-0.8315,0.9757
K,0.7758,-1.547,0.774,-1.5227,-0.5234,-0.5239
R,2.0614,-0.5235,-0.5238,0.0873,-1.4983,-0.4975
H,0.582,-0.4181,0.5817,-0.3931,0.6053,-0.3954
