AA,P3,P2,P1,P1',P2',P3'
G,-0.6945,-3.0395,-3.0392,-1.0055,-0.683,0.9953
P,-2.9577,-0.1736,-2.9807,-1.3631,-0.6266,-1.363
A,-0.3023,-1.1327,-3.1324,0.3602,1.2992,-0.7695
V,0.1247,-1.8982,-2.8977,-0.8654,2.0405,-1.282
L,-1.2936,-2.6385,-3.6381,-2.606,0.3928,-0.4375
I,-2.4165,-2.4394,-2.439,-2.4066,0.7616,-0.0878
M,0.1928,-1.4152,-1.4149,-0.2563,-1.2566,-1.2568
F,-0.1652,-2.1884,-2.1883,0.8433,-1.158,-0.5736
Y,-1.7108,-1.734,-1.734,1.1054,-1.7038,-0.7052
W,-0.5781,-0.6017,-0.6023,-0.5697,0.4306,-0.5682
S,0.3452,-1.7942,-3.3796,1.7399,-1.0247,0.5609
T,0.2816,-1.1574,-2.7424,-1.7095,0.7495,0.2903
C,-1.4978,-1.5214,-1.5221,0.5093,-1.4923,-1.4928
N,0.4434,-2.1647,-2.1647,-1.1324,-2.1327,0.4519
Q,0.9069,-2.5756,-2.5757,0.4567,-2.5447,-0.2233
D,-0.9582,-2.5663,-2.5665,0.7879,-0.2115,1.2737
E,-1.1295,-2.1526,-3.1526,0.2026,-3.1184,0.4664
K,1.5057,2.9145,-0.8413,-2.8096,-1.2253,-0.2258
R,0.9068,2.3926,3.8693,-1.7846,-2.7852,-0.7844
H,1.3119,-1.7115,-1.7117,0.905,-1.6816,-0.0973
