AA,P3,P2,P1,P1',P2',P3'
G,-0.0282,-3.8485,-3.8872,0.1703,0.7559,1.1779
P,-1.7768,-0.468,-3.8287,-0.9649,0.1342,-0.1805
A,-0.4693,-1.1343,-3.9804,0.469,0.6063,-0.9089
V,-0.5244,-2.1222,-3.7457,-2.1046,1.1168,-0.225
L,-0.4346,-1.8625,-4.4861,-1.6228,0.0922,-0.8399
I,-1.2355,-2.2484,-3.287,-1.2307,0.855,-0.4199
M,-0.2112,-2.2242,-2.2629,-1.0805,-0.4958,-1.0742
F,-0.1769,-2.9974,-2.0363,0.6042,-0.3972,-1.976
Y,-1.5298,-2.543,-2.582,2.1744,0.0571,0.0623
W,-1.3972,-1.4107,-1.4503,-0.3938,0.1914,-0.3857
S,0.3492,-2.6032,-3.2275,1.2877,-0.0009,0.0065
T,0.163,-1.2294,-3.5903,-1.9487,-0.0747,-0.5271
C,-2.3168,-2.3304,-2.3701,-0.7299,-1.3165,-1.3102
N,-0.3757,-2.9737,-3.0127,-0.1492,-1.3719,0.6344
Q,1.4358,-3.3846,-3.4237,-0.0455,-1.3688,0.8072
D,-0.1923,-2.3753,-3.4145,0.4491,-0.7727,0.7363
E,0.3734,-2.3766,-4.0006,-0.0366,-1.1351,0.8713
K,0.757,3.3048,-0.1043,-1.0488,-0.6344,-1.0433
R,0.3873,1.866,3.9273,-1.6087,-0.6093,-0.28
H,0.4929,-2.5205,-2.5597,0.8178,-2.5057,-1.4998
