AA,P3,P2,P1,P1',P2',P3'
G,-0.5975,0.8674,-0.9803,-0.7186,-0.7181,-0.6589
P,-0.5388,-0.659,-0.9219,-0.6612,0.3384,-0.6022
A,-0.6907,-0.8107,0.5115,-0.8123,0.1937,-0.7457
V,0.5437,1.0087,-0.8388,-0.5785,-0.5795,-0.5212
L,-0.1966,-1.3165,-1.5792,-1.3191,-1.3203,-0.2616
I,0.0025,-0.1174,-0.3801,-0.1197,-0.1215,-0.064
M,1.0268,0.9067,0.644,1.0306,1.0303,2.089
F,0.2537,0.1335,2.1925,1.1302,0.1289,0.1872
Y,0.7082,0.588,0.3249,1.5849,0.5831,0.6405
W,1.8408,1.7202,1.4566,1.7172,1.7175,1.7775
S,-0.9363,-1.0573,-0.3207,-1.0607,-0.0598,-1.0002
T,-0.2995,-0.4204,-0.6835,-0.4226,-0.4231,-0.3639
C,0.9212,0.8005,0.5368,0.7962,0.7945,0.853
N,0.2774,0.1573,-0.1059,0.1544,0.1541,0.2127
Q,-0.1336,-0.2537,-0.5168,0.7436,0.7422,-0.1994
D,-0.1243,-0.2444,-0.5076,-0.2472,-0.2466,-0.1879
E,0.2895,-0.8306,-0.0937,0.1675,-0.8315,0.2272
K,-0.3973,-0.5184,-0.7824,-0.5227,0.4766,0.535
R,-0.3747,-0.4949,-0.7583,-0.4977,-0.4983,-0.4387
H,0.7309,1.6105,1.9322,1.6069,0.6053,0.6635
