AA,P3,P2,P1,P1',P2',P3'
G,-0.1825,0.6595,-2.3402,0.7755,0.9258,0.3654
P,1.8763,0.303,3.3907,-1.1671,2.5058,0.1001
A,0.0462,-1.4337,0.1516,-1.3182,-2.1624,-1.0434
V,-0.4563,-2.1992,-1.1987,-1.0844,0.0643,-0.8189
L,-0.1966,0.0605,-2.9391,-0.825,-0.6765,-2.5593
I,0.0025,-1.7404,-1.74,-1.6256,-0.4776,-1.3617
M,-0.5582,-0.7162,-0.7159,-0.4753,0.6741,-0.2087
F,1.2537,0.0955,-1.4893,1.4317,-0.2272,0.8896
Y,-0.8768,1.965,-1.035,2.0791,-0.773,0.3429
W,0.2559,1.0973,0.0967,0.2113,0.3613,0.4799
S,-2.5213,-0.6802,-2.6806,-0.9817,-2.4159,-0.7129
T,-1.8844,-1.0434,-2.0434,-0.9285,-1.7792,-1.6616
C,-0.6638,0.7626,-0.8231,-0.7097,-0.5616,-0.4447
N,0.2774,0.5343,-1.4657,-0.3515,-1.202,-1.085
Q,1.4514,0.7084,-0.8767,2.2377,-0.6139,2.7508
D,-0.7092,-1.8673,-1.8675,-0.7531,-0.0178,-1.4856
E,-2.2955,-2.4536,-2.4536,-0.7534,-2.1876,-0.0705
K,-1.9823,-0.1414,-2.1423,-1.0286,-1.8795,-0.1777
R,-0.3747,1.2041,-2.1182,-0.4186,0.1456,-1.7363
H,-0.8541,-0.0125,-1.0127,-0.899,-0.7508,0.3658
