AA,P3,P2,P1,P1',P2',P3'
G,-0.5975,-0.5973,-0.9803,-0.8821,-0.4665,-0.4662
P,0.4612,-0.5387,-0.9219,-0.8247,-0.4101,0.5904
A,-0.6907,-0.6905,-1.0735,0.0242,-0.5547,-0.553
V,-0.4563,-0.4559,0.1612,-0.742,0.672,-0.3286
L,-1.1966,-1.1962,-1.5792,0.8394,-1.0688,-1.069
I,0.0025,0.0029,-0.3801,-0.2832,0.1301,0.1287
M,1.0268,1.027,0.644,0.8671,1.2818,1.2816
F,0.2537,1.2538,2.6779,1.5517,0.3805,0.3799
Y,0.7082,0.7082,1.3249,1.4214,0.8347,0.8332
W,1.8408,1.8405,1.4566,1.5537,1.969,1.9702
S,-0.9363,-0.937,-1.3207,-1.2242,-0.8082,-0.8075
T,-0.2995,-0.3001,-0.6835,-0.5861,-0.1715,-0.1712
C,0.9212,0.9208,0.5368,0.6327,1.0461,1.0457
N,0.2774,1.8625,-0.1059,-0.0091,0.4057,0.4053
Q,-0.1336,-0.1334,-0.5168,-0.4199,-0.0063,-0.0068
D,1.4607,-0.1241,-0.5076,-0.4107,0.005,0.0048
E,-0.7105,-0.7104,-0.0937,-0.996,-0.5799,-0.5801
K,-0.3973,-0.3981,-0.7824,-0.6862,-0.2718,-0.2724
R,-0.3747,-0.3746,-0.7583,-0.6612,-0.2468,-0.246
H,0.7309,0.7308,1.3472,0.4434,0.8568,0.8561
