AA,P3,P2,P1,P1',P2',P3'
G,-0.9808,-0.9317,0.6046,-0.9817,-0.9322,0.0192
P,1.3998,-0.8732,-0.9219,-0.9242,-0.8758,-0.9241
A,-1.0741,-0.0249,-0.0735,1.5096,-1.0204,-1.0676
V,0.1603,-0.7904,-0.8388,0.1584,-0.7936,1.9642
L,0.0051,-1.5307,0.0057,-0.5821,1.2729,0.0014
I,0.6192,0.6684,-0.3801,-0.3828,-0.3356,-0.3859
M,0.6434,0.6926,3.229,0.7675,0.8162,0.7671
F,-0.1296,-0.0806,-0.1294,0.8672,0.9148,-0.1347
Y,0.3249,1.3738,0.3249,1.3219,1.369,1.3186
W,1.4575,1.5061,1.4566,1.4541,1.5033,1.4556
S,-1.3197,-0.2714,-1.3207,-0.3238,-1.2739,-1.3221
T,-0.6828,-0.6346,-0.6835,-0.6856,-0.6372,-0.6858
C,0.5378,0.5864,0.5368,0.5332,0.5804,0.5311
N,-0.106,-0.0569,-0.1059,-0.1086,-0.06,-0.1092
Q,-0.5169,-0.4678,-0.5168,-0.5195,-0.4719,-0.5214
D,-0.5076,-0.4585,-0.5076,-0.5102,-0.4607,-0.5098
E,0.4911,0.5402,-1.0937,-1.0955,-1.0456,-1.0947
K,-0.7806,-0.7326,-0.7824,-0.7858,-0.7375,-0.7869
R,-0.758,0.2909,-0.7583,-0.7607,-0.7124,-0.7606
H,0.3475,1.9813,0.3472,0.3439,1.3912,0.3415
