AA,P3,P2,P1,P1',P2',P3'
G,-0.8813,0.1189,-0.8808,-0.8821,1.1184,-0.8813
P,-0.8226,-0.8225,-0.8223,-0.8247,-0.8251,-0.8246
A,-0.9745,0.0258,0.0261,-0.9758,-0.9698,-0.9681
V,0.2599,0.8452,-0.7392,0.258,-0.743,-0.7436
L,-0.4804,-0.48,0.8422,-1.4826,-1.4838,-0.484
I,0.7187,-0.2809,-0.2805,-0.2832,-0.285,1.2986
M,1.743,0.7432,1.7436,1.8671,0.8668,0.8666
F,-0.0301,-0.03,0.9701,-0.0333,-0.0346,-0.0352
Y,0.4244,0.4245,0.4244,0.4214,0.4196,0.4181
W,1.557,1.5567,1.5561,1.5537,1.554,2.5551
S,-0.2201,-1.2208,-1.2211,-0.2242,-0.2233,-1.2226
T,-0.5832,-0.5839,-0.5839,0.4139,-0.5866,0.9987
C,0.6374,0.637,1.6363,0.6327,0.631,0.6306
N,-0.0064,-0.0062,-0.0063,-0.0091,-0.0094,-0.0097
Q,0.5827,-0.4172,-0.4173,0.5801,0.5787,-0.4218
D,-0.408,0.5921,-0.4081,-0.4107,-0.4101,-0.4103
E,-0.9943,0.0059,-0.9942,-0.996,0.005,0.0048
K,0.9039,0.3181,-0.6829,0.8987,-0.6869,-0.6874
R,-0.6585,-0.6584,-0.6587,-0.6612,0.3382,0.339
H,0.4471,0.447,0.4467,1.4434,1.4418,0.4411
