AA,P3,P2,P1,P1',P2',P3'
G,1.3631,0.2258,0.7115,0.7028,-1.9071,0.1712
P,-2.0376,1.2844,-0.0373,-0.8247,-0.8507,-0.1872
A,0.8105,-0.1893,-0.1889,-0.3908,-0.4103,-0.3306
V,-0.9551,0.6302,-0.3693,-0.742,0.5534,-1.6912
L,-2.6954,-0.1101,-1.1097,-0.4826,0.0756,-0.1096
I,0.0886,-0.496,-1.4955,-0.2832,0.2745,-1.2339
M,-0.472,-0.4718,2.3359,-0.1329,1.4262,1.504
F,0.7549,-0.245,1.7551,1.9667,1.2618,0.0173
Y,1.7944,0.2094,0.7944,1.7434,-0.6059,-0.5294
W,1.342,1.9267,0.3411,2.1386,1.5284,0.6076
S,-1.4351,-0.1139,-1.4361,-1.2242,-0.6638,-0.5851
T,0.5237,-0.214,-1.7989,0.7358,0.3879,0.0512
C,-0.5776,-0.578,-0.5787,-0.3673,-0.3945,-0.3169
N,-1.2214,-0.2212,-1.2213,-0.0091,-0.0349,-0.9572
Q,-0.6324,-0.6322,0.3677,-1.4199,0.1381,0.9526
D,0.6989,-1.6229,0.9619,0.1743,-1.4356,0.6422
E,-1.2093,-2.2092,-2.2092,-0.996,-2.0205,-1.9427
K,-1.8961,-1.8969,-0.3129,-1.6862,-1.7124,-0.05
R,0.1265,0.7115,-0.8738,-0.6612,1.12,0.7134
H,0.817,0.232,0.8167,-0.5566,1.0012,1.4935
