AA,P3,P2,P1,P1',P2',P3'
G,-0.9748,-0.9746,-0.9863,0.1362,0.3095,0.3098
P,-0.9161,-0.916,-1.9278,0.013,-0.1815,-0.0741
A,-0.1611,0.1802,0.38,-0.1381,0.0609,-0.3245
V,0.3363,0.4147,0.6788,0.1888,-0.3404,0.1995
L,-0.252,0.2338,0.8742,0.0921,0.2667,0.1596
I,-0.2049,-1.0525,-0.8011,-1.3524,0.5651,-0.3432
M,-0.3505,0.8196,0.96,0.9678,1.1319,-0.6053
F,-0.1236,-1.1235,1.0345,-0.1024,0.2305,0.3674
Y,0.1382,-1.0841,1.1262,-1.6477,-0.6372,-0.6387
W,0.0485,0.0482,1.2579,0.0695,-0.5029,0.0833
S,0.4413,0.7732,0.6733,0.7066,0.4748,0.765
T,0.6452,-0.0925,0.1179,0.2516,-0.184,-0.1837
C,0.5439,-0.1346,0.1157,-0.1145,-0.4258,-0.4262
N,0.6005,0.9003,0.0581,0.7291,-0.4812,0.1034
Q,-0.7035,0.1898,0.0622,0.0959,-0.4781,-0.1567
D,0.3058,-0.5014,-1.9286,-0.6725,-0.4669,-0.2972
E,0.3045,-0.0877,-4.0997,-0.1582,-0.1449,0.0355
K,-1.7746,-1.4535,-3.7884,-1.1704,-1.1587,-0.9369
R,0.5699,0.0554,-3.7643,-0.0299,0.0887,0.0895
H,-0.3245,0.6754,-0.0738,-1.6258,-0.2931,-1.6158
