AA,P3,P2,P1,P1',P2',P3'
G,-0.1894,-0.1892,-1.7739,-0.6597,0.3408,-0.6589
P,-1.7157,-1.7156,-1.7154,-0.0173,-1.6027,-0.6022
A,-0.2826,-0.8673,-0.2821,-0.1684,-1.7474,-0.1607
V,-1.6332,0.3672,-1.6323,0.0653,1.6493,0.4788
L,-0.0515,-1.3731,-1.3728,-0.2602,-0.2614,-0.6767
I,0.4106,-1.174,-1.1736,0.5241,-0.0626,0.521
M,-0.1501,-0.1499,0.8505,0.0895,0.0892,1.674
F,0.0769,0.0769,-0.923,-0.8109,-0.8122,0.7722
Y,1.1163,0.5314,-0.4687,-0.3562,-0.358,-0.3595
W,1.6639,0.6636,0.663,1.7761,0.7764,2.3625
S,-0.1132,-0.5289,-2.1142,-0.4169,-1.0009,-0.4152
T,0.1086,1.108,-1.477,0.9582,0.2208,0.6361
C,-0.2557,0.7439,-0.2568,-0.1449,-0.1466,0.853
N,-0.8995,-0.8993,-0.8994,-0.7867,0.213,0.2127
Q,-0.3104,0.2747,-1.3104,-0.1975,-0.1989,-1.1994
D,-0.3011,-1.301,-1.3011,-0.1883,0.3973,-0.1879
E,-0.8874,0.6977,-1.8872,-0.7736,-1.7726,-1.7728
K,0.0108,0.0099,0.424,-0.4638,-0.4645,-0.465
R,1.4484,1.2558,3.0331,1.1462,1.1456,0.1463
H,0.554,-0.4461,1.1386,-0.3342,-0.3358,-0.3365
