AA,P3,P2,P1,P1',P2',P3'
G,-0.0512,-2.051,-2.0507,-0.8297,-0.8021,0.5201
P,1.5925,-0.9925,-1.9922,-0.7722,0.8393,-0.1602
A,-1.1444,0.8558,-2.1439,0.884,-0.8903,-0.8886
V,1.2599,0.4123,-1.9092,0.6323,0.6583,-0.6642
L,0.1571,0.672,-1.0647,-1.4301,-0.0825,-1.4046
I,0.5488,-1.4509,-1.4505,-0.2307,-1.2055,-1.2069
M,1.158,1.5733,-0.4264,1.5045,0.9462,-0.054
F,-1.2,0.385,-1.1998,0.0192,0.0448,1.3662
Y,-0.7455,0.8395,0.8395,-0.5261,1.4991,1.4976
W,1.3871,1.3868,0.3862,0.6062,0.6334,0.6346
S,-0.39,-1.3907,-2.391,0.4132,-1.1438,0.1788
T,-1.7532,0.2462,-1.7538,-0.5336,0.0778,0.8151
C,-0.5325,-0.5329,-0.5336,-0.3148,-0.2895,-0.2899
N,0.4086,1.1458,-1.1762,-0.9566,0.655,-0.9303
Q,-1.5873,-0.5871,-1.5872,0.2175,0.2431,-0.3424
D,-0.578,-0.5778,2.7439,0.6418,-1.3306,-1.3309
E,-2.1642,-0.5791,2.2282,-0.9435,-0.3306,0.4062
K,-1.851,-1.8519,-1.8528,-0.6338,-1.6074,-0.023
R,-0.8284,-0.2434,-1.8287,-0.0238,0.0026,0.0034
H,0.2771,-0.723,-0.7232,1.0808,1.1062,-0.4795
